-7.162496210321764149e-05
-5.851843364941283781e-06
-7.771520193057632891e-06
-7.771520193043104582e-06
-5.851843364943170971e-06
2.645987155085346876e-05
3.666210517098029151e-05
8.288240885258474648e-05
7.851106422808440660e-05
8.288240885256871384e-05
3.666210517100419817e-05
2.645987155084425304e-05
6.299738198475042376e-05
1.235802277704485855e-04
-4.192599486062682486e-05
-1.266966502587912923e-04
1.840423839813633722e-05
1.840423839817779440e-05
-1.266966502588175029e-04
-4.192599486061370602e-05
1.235802277704566628e-04
6.299738198479432039e-05
2.624392028759126288e-05
6.882183781347034433e-05
-5.396997104208686551e-05
-1.828438507245312640e-04
-6.361190348728890131e-05
-4.342853582988190743e-05
-1.323741992584029803e-04
-4.342853582987364039e-05
-6.361190348726133547e-05
-1.828438507245262496e-04
-5.396997104206577777e-05
6.882183781343467407e-05
2.624392028759169656e-05
6.299738198477099649e-05
6.882183781347316325e-05
-5.426603156855926147e-05
-1.800149129394000092e-04
-8.358105927166369293e-05
9.608285796569823495e-05
1.308515557492299724e-04
1.024848492450006470e-04
1.024848492450243504e-04
1.308515557492276684e-04
9.608285796566389285e-05
-8.358105927164889357e-05
-1.800149129393991960e-04
-5.426603156854408264e-05
6.882183781346514016e-05
6.299738198472796722e-05
2.645987155082704811e-05
1.235802277704432187e-04
-5.396997104208464289e-05
-1.800149129393998466e-04
3.591555130988649362e-05
1.167889612858208489e-04
7.908611072455541419e-05
2.048001815298153673e-04
8.890818292225387861e-05
-1.106580251897483144e-04
8.890818292223840163e-05
2.048001815298188368e-04
7.908611072454099430e-05
1.167889612858253484e-04
3.591555130988269891e-05
-1.800149129394030992e-04
-5.396997104208822076e-05
1.235802277704464171e-04
2.645987155082230472e-05
-5.851843364945220790e-06
3.666210517098015599e-05
-4.192599486062720433e-05
-1.828438507245294751e-04
-8.358105927166569870e-05
1.167889612858230173e-04
1.615971569409774440e-04
6.785303300405596573e-05
-1.417533781514053134e-04
-2.709572846766871725e-04
-1.842415663316068547e-04
-1.842415663316039273e-04
-2.709572846766919972e-04
-1.417533781513879662e-04
6.785303300405412259e-05
1.615971569409864971e-04
1.167889612858260531e-04
-8.358105927166244609e-05
-1.828438507245245420e-04
-4.192599486062080754e-05
3.666210517097969520e-05
-5.851843364945705293e-06
-7.162496210325049282e-05
-7.771520193058259696e-06
8.288240885258191400e-05
-1.266966502587922952e-04
-6.361190348728751895e-05
9.608285796569668996e-05
7.908611072456105204e-05
6.785303300405401417e-05
-1.211182101669802018e-04
-3.053986881384737942e-04
-8.335470029092019797e-05
6.252217450399379702e-05
1.001661182680911241e-06
6.252217450398970416e-05
-8.335470029091087384e-05
-3.053986881385220955e-04
-1.211182101669378095e-04
6.785303300404295530e-05
7.908611072455541419e-05
9.608285796568622741e-05
-6.361190348728738343e-05
-1.266966502588076095e-04
8.288240885256634215e-05
-7.771520193059963926e-06
-7.162496210320163596e-05
-7.771520193044669899e-06
7.851106422808099136e-05
1.840423839813576124e-05
-4.342853582988304584e-05
1.308515557492353934e-04
2.048001815298146084e-04
-1.417533781514074276e-04
-3.053986881384755832e-04
6.495891493263448047e-05
2.720599968166360211e-04
2.837818976917004738e-04
5.339121236011695488e-04
5.339121236012078211e-04
2.837818976916986306e-04
2.720599968166611746e-04
6.495891493266841600e-05
-3.053986881384748242e-04
-1.417533781513969108e-04
2.048001815298167768e-04
1.308515557492333605e-04
-4.342853582990055571e-05
1.840423839814951706e-05
7.851106422807969032e-05
-7.771520193051886620e-06
-5.851843364944217903e-06
8.288240885256627439e-05
1.840423839817612744e-05
-1.323741992584031159e-04
1.024848492449994001e-04
8.890818292225114100e-05
-2.709572846766837573e-04
-8.335470029092290848e-05
2.720599968166378642e-04
2.719848516160980247e-04
1.807043531802117031e-04
-3.096070957736473056e-04
-7.297545359610066885e-04
-3.096070957736424267e-04
1.807043531802256893e-04
2.719848516160709197e-04
2.720599968166445863e-04
-8.335470029091770431e-05
-2.709572846766932983e-04
8.890818292222522857e-05
1.024848492450272641e-04
-1.323741992583814318e-04
1.840423839814307283e-05
8.288240885258851408e-05
-5.851843364940226684e-06
3.666210517100807419e-05
-1.266966502588163645e-04
-4.342853582987523959e-05
1.024848492450242555e-04
-1.106580251897502660e-04
-1.842415663316096194e-04
6.252217450399501675e-05
2.837818976917021001e-04
1.807043531802150641e-04
-5.453373357497668696e-04
-9.473402241315773045e-04
-3.249711175372714360e-04
-3.249711175372491014e-04
-9.473402241315799065e-04
-5.453373357497202489e-04
1.807043531802189672e-04
2.837818976917130505e-04
6.252217450398181659e-05
-1.842415663316039273e-04
-1.106580251897589396e-04
1.024848492450025850e-04
-4.342853582987486012e-05
-1.266966502588255260e-04
3.666210517100151477e-05
2.645987155082291120e-05
-4.192599486061712125e-05
-6.361190348725637525e-05
1.308515557492273703e-04
8.890818292224387685e-05
-1.842415663316036563e-04
1.001661182681561763e-06
5.339121236011626099e-04
-3.096070957736483898e-04
-9.473402241315832676e-04
4.326508821228595937e-04
9.628921807571634919e-04
6.881064785413601448e-04
9.628921807571526499e-04
4.326508821228240861e-04
-9.473402241315734013e-04
-3.096070957736543530e-04
5.339121236011788729e-04
1.001661182676791273e-06
-1.842415663316165041e-04
8.890818292226060067e-05
1.308515557492107549e-04
-6.361190348726724437e-05
-4.192599486062021123e-05
2.645987155084096316e-05
1.235802277704573676e-04
-1.828438507245290414e-04
9.608285796566259180e-05
2.048001815298203547e-04
-2.709572846766898288e-04
6.252217450399414939e-05
5.339121236012078211e-04
-7.297545359610073390e-04
-3.249711175372710023e-04
9.628921807571652267e-04
1.562576119197085344e-03
2.929271347032432089e-03
2.929271347032430788e-03
1.562576119197109197e-03
9.628921807571652267e-04
-3.249711175372673160e-04
-7.297545359610164463e-04
5.339121236011692235e-04
6.252217450398745444e-05
-2.709572846767039234e-04
2.048001815298251252e-04
9.608285796567782484e-05
-1.828438507245180096e-04
1.235802277704707033e-04
6.299738198478647348e-05
-5.396997104206648251e-05
-8.358105927164759252e-05
7.908611072454197009e-05
-1.417533781513884540e-04
-8.335470029090810912e-05
2.837818976916964622e-04
-3.096070957736447036e-04
-3.249711175372475835e-04
6.881064785413575427e-04
2.929271347032432957e-03
-9.825133006042433698e-03
-1.399283535100528247e-02
-9.825133006042442371e-03
2.929271347032428186e-03
6.881064785413540733e-04
-3.249711175372708939e-04
-3.096070957736385236e-04
2.837818976917043769e-04
-8.335470029091727063e-05
-1.417533781514115476e-04
7.908611072455606471e-05
-8.358105927164645411e-05
-5.396997104207087352e-05
6.299738198474351197e-05
6.882183781343152989e-05
-1.800149129393969734e-04
1.167889612858227463e-04
6.785303300405119524e-05
-3.053986881385237218e-04
2.720599968166612830e-04
1.807043531802264482e-04
-9.473402241315764371e-04
9.628921807571591551e-04
2.929271347032429921e-03
-1.399283535100528421e-02
1.515132456029968239e-02
1.515132456029975351e-02
-1.399283535100529635e-02
2.929271347032431222e-03
9.628921807571656603e-04
-9.473402241315840265e-04
1.807043531802329534e-04
2.720599968166304916e-04
-3.053986881384684817e-04
6.785303300403048698e-05
1.167889612858306067e-04
-1.800149129394116101e-04
6.882183781345223815e-05
2.624392028759158814e-05
-5.426603156854429948e-05
3.591555130988302418e-05
1.615971569409875542e-04
-1.211182101669425800e-04
6.495891493267231913e-05
2.719848516160696186e-04
-5.453373357497165626e-04
4.326508821228237608e-04
1.562576119197109413e-03
-9.825133006042440637e-03
1.515132456029975698e-02
-2.224517852469504869e-02
1.515132456029973443e-02
-9.825133006042426759e-03
1.562576119197079706e-03
4.326508821228243029e-04
-5.453373357497265372e-04
2.719848516160850143e-04
6.495891493261875954e-05
-1.211182101669009466e-04
1.615971569409834613e-04
3.591555130988475890e-05
-5.426603156853042169e-05
2.624392028759158814e-05
6.882183781346004441e-05
-1.800149129394032618e-04
1.167889612858240473e-04
6.785303300404230478e-05
-3.053986881384748785e-04
2.720599968166446947e-04
1.807043531802222198e-04
-9.473402241315751360e-04
9.628921807571647930e-04
2.929271347032426885e-03
-1.399283535100529635e-02
1.515132456029973096e-02
1.515132456029973963e-02
-1.399283535100529809e-02
2.929271347032418212e-03
9.628921807571669614e-04
-9.473402241315820749e-04
1.807043531802179914e-04
2.720599968166558620e-04
-3.053986881384794863e-04
6.785303300404544897e-05
1.167889612858391177e-04
-1.800149129394267890e-04
6.882183781347229589e-05
6.299738198473998831e-05
-5.396997104208746182e-05
-8.358105927166445187e-05
7.908611072455584787e-05
-1.417533781513975613e-04
-8.335470029091965587e-05
2.837818976917150021e-04
-3.096070957736559793e-04
-3.249711175372669908e-04
6.881064785413540733e-04
2.929271347032436426e-03
-9.825133006042426759e-03
-1.399283535100529635e-02
-9.825133006042431963e-03
2.929271347032419079e-03
6.881064785413375934e-04
-3.249711175372699181e-04
-3.096070957736387404e-04
2.837818976917030759e-04
-8.335470029091607801e-05
-1.417533781513861772e-04
7.908611072455693208e-05
-8.358105927166949341e-05
-5.396997104207667401e-05
6.299738198478294982e-05
1.235802277704460377e-04
-1.828438507245236204e-04
9.608285796568671530e-05
2.048001815298143373e-04
-2.709572846766948161e-04
6.252217450398425604e-05
5.339121236011723677e-04
-7.297545359610155789e-04
-3.249711175372725202e-04
9.628921807571682624e-04
1.562576119197080140e-03
2.929271347032416477e-03
2.929271347032417344e-03
1.562576119197089464e-03
9.628921807571665277e-04
-3.249711175372666655e-04
-7.297545359609923770e-04
5.339121236011864623e-04
6.252217450399143888e-05
-2.709572846766836489e-04
2.048001815298171021e-04
9.608285796568877529e-05
-1.828438507245240541e-04
1.235802277704542234e-04
2.645987155084714311e-05
-4.192599486062189174e-05
-6.361190348728898263e-05
1.308515557492313005e-04
8.890818292222942986e-05
-1.842415663316069631e-04
1.001661182676574433e-06
5.339121236011723677e-04
-3.096070957736434025e-04
-9.473402241315796897e-04
4.326508821228269592e-04
9.628921807571634919e-04
6.881064785413341239e-04
9.628921807571660940e-04
4.326508821228222971e-04
-9.473402241315787139e-04
-3.096070957736422099e-04
5.339121236011806076e-04
1.001661182673321826e-06
-1.842415663316204072e-04
8.890818292225905568e-05
1.308515557492147935e-04
-6.361190348728684133e-05
-4.192599486061592863e-05
2.645987155082909115e-05
3.666210517097446392e-05
-1.266966502588038690e-04
-4.342853582990074545e-05
1.024848492450269253e-04
-1.106580251897585059e-04
-1.842415663316131430e-04
6.252217450398756286e-05
2.837818976917031843e-04
1.807043531802324113e-04
-5.453373357497306572e-04
-9.473402241315794729e-04
-3.249711175372723033e-04
-3.249711175372664487e-04
-9.473402241315757866e-04
-5.453373357497226341e-04
1.807043531802180998e-04
2.837818976917084969e-04
6.252217450398376815e-05
-1.842415663316101615e-04
-1.106580251897531933e-04
1.024848492450052277e-04
-4.342853582987724536e-05
-1.266966502588188852e-04
3.666210517099362720e-05
-5.851843364942273116e-06
8.288240885256604399e-05
1.840423839814609504e-05
-1.323741992583811066e-04
1.024848492450021920e-04
8.890818292226347380e-05
-2.709572846767039776e-04
-8.335470029091325908e-05
2.720599968166275643e-04
2.719848516160867490e-04
1.807043531802191840e-04
-3.096070957736392825e-04
-7.297545359609923770e-04
-3.096070957736454625e-04
1.807043531802185335e-04
2.719848516160997594e-04
2.720599968166567293e-04
-8.335470029091336750e-05
-2.709572846766818599e-04
8.890818292224132897e-05
1.024848492450158258e-04
-1.323741992583861481e-04
1.840423839816356425e-05
8.288240885258280847e-05
-5.851843364946264335e-06
-7.771520193058974592e-06
7.851106422807898558e-05
1.840423839814339131e-05
-4.342853582988030823e-05
1.308515557492148206e-04
2.048001815298247999e-04
-1.417533781514075360e-04
-3.053986881384691864e-04
6.495891493261735008e-05
2.720599968166557536e-04
2.837818976917063285e-04
5.339121236011863539e-04
5.339121236011821255e-04
2.837818976917079548e-04
2.720599968166544525e-04
6.495891493263252891e-05
-3.053986881384849073e-04
-1.417533781513983203e-04
2.048001815298214389e-04
1.308515557492178293e-04
-4.342853582989415892e-05
1.840423839816680330e-05
7.851106422805751838e-05
-7.771520193049623348e-06
-7.162496210321764149e-05
-7.771520193051520702e-06
8.288240885258470582e-05
-1.266966502588283178e-04
-6.361190348726336835e-05
9.608285796567874642e-05
7.908611072455834154e-05
6.785303300402479492e-05
-1.211182101668998624e-04
-3.053986881384812752e-04
-8.335470029091461433e-05
6.252217450398859285e-05
1.001661182672454464e-06
6.252217450398322605e-05
-8.335470029091369276e-05
-3.053986881384830642e-04
-1.211182101668852257e-04
6.785303300403991954e-05
7.908611072456668990e-05
9.608285796567793326e-05
-6.361190348727499642e-05
-1.266966502588326275e-04
8.288240885257811929e-05
-7.771520193055579684e-06
-7.162496210321764149e-05
-5.851843364943170971e-06
3.666210517100517395e-05
-4.192599486062059070e-05
-1.828438507245221567e-04
-8.358105927164629148e-05
1.167889612858309862e-04
1.615971569409819435e-04
6.785303300404387688e-05
-1.417533781513828704e-04
-2.709572846766865220e-04
-1.842415663316182388e-04
-1.842415663316075594e-04
-2.709572846766841910e-04
-1.417533781513963145e-04
6.785303300403861849e-05
1.615971569409885571e-04
1.167889612858259989e-04
-8.358105927166255451e-05
-1.828438507245232951e-04
-4.192599486061934387e-05
3.666210517099742191e-05
-5.851843364945275000e-06
2.645987155081718187e-05
1.235802277704754195e-04
-5.396997104207141563e-05
-1.800149129394118270e-04
3.591555130988269891e-05
1.167889612858354314e-04
7.908611072455931732e-05
2.048001815298174273e-04
8.890818292225954357e-05
-1.106580251897528139e-04
8.890818292224333475e-05
2.048001815298173189e-04
7.908611072456408781e-05
1.167889612858288720e-04
3.591555130987120637e-05
-1.800149129394395826e-04
-5.396997104205314682e-05
1.235802277704381772e-04
2.645987155082639758e-05
6.299738198472986457e-05
6.882183781345570760e-05
-5.426603156853085537e-05
-1.800149129394257048e-04
-8.358105927166862605e-05
9.608285796569132316e-05
1.308515557492170975e-04
1.024848492450008774e-04
1.024848492450185092e-04
1.308515557492118662e-04
9.608285796568045403e-05
-8.358105927166174136e-05
-1.800149129394422389e-04
-5.426603156853042169e-05
6.882183781345137079e-05
6.299738198477191806e-05
2.624392028759169656e-05
6.882183781347576534e-05
-5.396997104207922188e-05
-1.828438507245222109e-04
-6.361190348729109682e-05
-4.342853582987708273e-05
-1.323741992583857144e-04
-4.342853582989627311e-05
-6.361190348727076803e-05
-1.828438507245242709e-04
-5.396997104205623680e-05
6.882183781344833502e-05
2.624392028759126288e-05
6.299738198479242304e-05
1.235802277704549281e-04
-4.192599486061142919e-05
-1.266966502588208639e-04
1.840423839816204637e-05
1.840423839816603081e-05
-1.266966502588326004e-04
-4.192599486062172911e-05
1.235802277704452245e-04
6.299738198474950218e-05
2.645987155084937589e-05
3.666210517099465719e-05
8.288240885258415017e-05
7.851106422805881942e-05
8.288240885258160229e-05
3.666210517099322062e-05
2.645987155085411928e-05
-5.851843364945705293e-06
-7.771520193046702778e-06
-7.771520193054651336e-06
-5.851843364941229571e-06
-7.162496210320163596e-05
