-1.243146456234933237e-07 -1.152868310075990916e-17 1.082751166396854795e-22
-1.784915124259716214e-03 1.030438688123247676e-03 -3.073093270212980718e-07
-9.033770443255873840e-05 7.597375574816306494e-03 -3.312571902157434612e-07
8.292351628092969884e-03 -2.862529483121701440e-03 3.312571902157433024e-07
1.510737175454337101e-07 -2.060870254262988505e-03 3.073093270214032628e-07
2.128424553577238591e-03 -1.228792999131022310e-03 1.754000328641458708e-08
6.804739557559967567e-03 1.757089091369852096e-03 -4.528092041997536232e-07
1.992657588251458504e-03 1.086702051644631434e-02 -3.037215098717262246e-07
3.846943670418165664e-03 2.221048187330515889e-03 -9.397805734368085671e-22
8.650129333188347897e-03 -4.722331226018961110e-03 3.037215098717240541e-07
6.681423211945086184e-03 6.029253352823233346e-03 4.528092041997545761e-07
-9.949120309088080776e-08 2.457581732524231725e-03 -1.754000328641245626e-08
-9.929386614353169580e-04 5.733788192023069399e-04 -7.646831173305710056e-09
-5.073364228077296978e-03 5.900806836054832763e-03 2.325938843443253261e-07
4.517961065530189807e-03 -1.209060704217499501e-03 7.483069601019777299e-08
-6.790682946770064399e-04 -1.114952757288789403e-03 -3.063838226884129802e-08
-9.694016635526820150e-03 -1.279443769193826155e-03 1.266760426360085941e-08
-4.197634394909931579e-03 -6.740255109558709878e-03 -1.266760426359801721e-08
-1.304772653376492066e-03 -3.027123587304319271e-05 3.063838226884010688e-08
-5.452353007693708144e-04 3.502170393341997624e-03 -7.483069601020068467e-08
4.331099435658309488e-03 -6.330179267483002775e-03 -2.325938843443229703e-07
6.263364957720413088e-08 -1.146759041986135938e-03 7.646831173311933763e-09
-1.452382672613784059e-17 -2.751649423189789944e-17 -2.015150758939514122e-21
6.799541369609406541e-03 -8.988413826867744632e-04 -3.681145365649870385e-07
1.146946511843112849e-03 4.422258163012603507e-03 -6.051081051605200540e-07
-4.297355807485869067e-03 -2.903362523848655903e-05 -1.019653455728134365e-07
-1.998759593092020066e-03 -6.393618528336727884e-03 6.228941704965933150e-07
-2.241377100922804094e-03 -3.946202839248063622e-03 6.397443302911133328e-07
-5.954735463283923440e-03 -3.438175306447687884e-03 3.605266699812371121e-21
-6.295142816088520644e-03 -9.824803482118278468e-04 -6.397443302911114270e-07
-4.778615066029025943e-03 2.481038543659901899e-03 -6.228941704965988207e-07
-2.173879459675586313e-03 -3.706828267923248810e-03 1.019653455728113321e-07
2.645470332017296061e-03 -2.232845108235955150e-03 6.051081051605201599e-07
4.378507171663590693e-03 7.352157089493238998e-03 3.681145365649845503e-07
-5.493581654037490464e-18 -3.957200125988167748e-19 -1.914547418815419503e-21
9.929386614356645532e-04 -5.733788192024857249e-04 7.646831173308952604e-09
-5.872120866703152593e-03 6.416934749792068717e-03 3.675423403808313458e-07
1.176260189712959470e-03 7.893542207024705458e-05 2.766813901366629159e-07
2.694948185736309974e-03 -3.046407309212072288e-03 -5.295664527015682111e-07
-2.857466592184702663e-03 -3.220847659528771213e-04 -7.681702118250247550e-07
5.811361662460090387e-04 -1.687258116958146150e-03 3.413166420340014742e-07
4.373964579294604624e-03 2.015092031965342711e-03 8.463621971565724971e-07
7.846041107603134515e-03 6.865924983743887378e-03 3.053317099032472952e-07
1.162688843322764835e-02 4.375627090021803368e-03 -3.053317099032444365e-07
3.931879008011221997e-03 2.780376085317107747e-03 -8.463621971565762028e-07
-2.928478574112988037e-03 3.331959616485096268e-04 -3.413166420340072975e-07
4.968012731993722529e-05 -1.298034538208163793e-03 7.681702118250259197e-07
-1.290627518218949010e-03 3.856966259848431701e-03 5.295664527015669406e-07
-1.100774948509364477e-03 -3.638074549287373220e-05 -2.766813901366676275e-07
4.378731813849685850e-03 -7.279821760241254186e-03 -3.675423403808353163e-07
-6.263364953327051714e-08 1.146759041984929872e-03 -7.646831173303428692e-09
-2.128424553575026384e-03 1.228792999129801932e-03 -1.754000328639450313e-08
5.952542746932445485e-03 -4.653214613043616657e-04 -5.823859037480977289e-07
4.951888045245015843e-03 2.225366677930836791e-03 -1.819442726059943285e-07
-3.985332221678327021e-03 8.105595633159702346e-04 2.587564128909524824e-07
-3.190125735740524313e-03 -3.567913230787317889e-03 -6.144375250143722268e-08
1.155316987011034517e-03 -1.548712397168138053e-03 -2.096217680272134760e-07
4.352157955888060707e-04 1.770958232846354605e-03 1.255856549798907393e-07
1.703870673186788772e-03 4.430570791374476361e-03 1.823447390101510435e-07
2.635500715163725371e-03 4.861085556776766417e-03 1.007694686082809326e-07
7.391067875158303328e-04 4.266404060208185776e-04 1.664700982762968196e-23
3.769374635391429390e-03 -1.163304058138409005e-03 -1.007694686082831032e-07
6.445787433361517375e-03 2.747214283388608146e-04 -1.823447390101568668e-07
1.751611230868662218e-03 -5.082664172050333808e-04 -1.255856549798920628e-07
-2.520248250396711284e-03 7.606763731309454726e-04 2.096217680272163876e-07
-2.927238115811476703e-03 3.595478872401853924e-05 6.144375250143772561e-08
-1.291144390195200949e-03 -3.856964678046171345e-03 -2.587564128909493060e-07
2.645216640419823656e-03 2.160941666747371280e-03 1.819442726059987754e-07
4.330744636568147239e-03 6.402517855669669598e-03 5.823859037481041875e-07
9.949120311590539034e-08 -2.457581732521748035e-03 1.754000328639725268e-08
1.784915124260930954e-03 -1.030438688123957178e-03 3.073093270215072890e-07
-3.575127088400153509e-03 7.749966320790770309e-03 2.243102159530347404e-07
-1.611084850825306516e-03 2.329499994512015341e-03 -3.013017736568503377e-07
2.123341302184357342e-03 -3.735859802551310359e-03 -3.341869031730645464e-07
-5.455393403204283551e-04 -1.656499677682135747e-03 -2.414023869954230121e-07
-2.247567841519616805e-04 -7.516556037223021298e-04 -3.396477551112359232e-07
8.126471867542566993e-04 1.408004307157712052e-03 1.760443867644807277e-07
9.816960231833901044e-04 3.939267996032735225e-03 4.859329752322815834e-07
4.193192114722312479e-04 -7.942942846516374070e-04 -6.119910803496565138e-08
-6.899156980510114112e-03 -5.778990251654741658e-03 -1.164739418455467740e-07
-1.199105969907390649e-02 -6.433610523022995770e-03 6.443200915116608937e-08
-9.810401290194810733e-03 -6.152570896568912429e-03 -6.443200915116475264e-08
-8.454698682499924706e-03 -3.085637733830260028e-03 1.164739418455459667e-07
-2.235192226913051711e-03 -2.550485270238307331e-04 6.119910803496721310e-08
5.660618026990565238e-03 -1.051300961653816929e-04 -4.859329752322781953e-07
1.625830298883789229e-03 2.245839017468893861e-09 -1.760443867644775778e-07
-2.521509793534618127e-03 -8.330068241638017255e-04 3.396477551112366644e-07
4.942079108237571079e-05 1.370805424087778029e-03 2.414023869954264531e-07
-2.173490443211138073e-03 3.706835425339526091e-03 3.341869031730679875e-07
-5.448283108405927626e-04 -3.574936107011098679e-03 3.013017736568538847e-07
6.681888890752408876e-03 -5.956927597876845136e-03 -2.243102159530314846e-07
-1.510737175306343504e-07 2.060870254262975061e-03 -3.073093270214020981e-07
1.243146456168560794e-07 -3.650147314036191489e-18 2.274278989386635339e-22
4.930674354801211322e-03 4.698873123860440246e-03 9.098979096404158829e-07
1.010989715201580756e-02 6.180638498066073211e-03 5.889154226290838775e-07
-6.266463712112241031e-04 -1.145214797649467611e-03 -1.945401281469208373e-07
-6.233405548223569861e-03 -3.948529934638441395e-03 -3.876386341555817580e-07
-5.751290162087779878e-05 -1.318107361173178390e-03 -3.786599965281532223e-07
1.316117292100518798e-03 1.262691047733172697e-03 -3.933602466623317111e-07
1.226148312924372867e-03 3.798184614722617015e-03 8.802601890773021256e-08
1.506971792069573086e-03 6.529281638203933338e-04 4.356044674033711325e-07
-2.578525137337938679e-03 -4.131623199871786722e-03 3.214112502468633839e-09
-4.582227124873463481e-04 -2.980049396585260531e-03 -7.664561978185264150e-08
3.323112661816188685e-03 -1.867968297085725177e-03 5.668147320372240714e-08
-9.847291297145409177e-04 -5.684094461900203411e-04 -1.205066430879758879e-21
-1.713506301086993068e-03 2.797313942453608267e-03 -5.668147320371807933e-08
-1.052130884711344411e-03 2.107786910493270570e-03 7.664561978185597670e-08
-4.867112746336979025e-03 -1.672807981048076223e-04 -3.214112502465502133e-09
-4.387046708884200061e-04 -3.594853455768062030e-05 -4.356044674033693325e-07
5.659350839212436146e-03 1.774733900696094657e-04 -8.802601890772951111e-08
1.751351039023920329e-03 5.082764844969586086e-04 3.933602466623306523e-07
-2.927339873976808182e-03 -4.055273764301224604e-04 3.786599965281491989e-07
-4.778185848276236478e-03 -2.409139504266481682e-03 3.876386341555751935e-07
-1.305036922655160476e-03 3.024713235561080245e-05 1.945401281469178462e-07
8.649515213369365560e-03 4.650408845581332357e-03 -5.889154226290853598e-07
8.291617002635214354e-03 2.934870096406332150e-03 -9.098979096404170476e-07
1.243146456167712702e-07 -3.650147314033701647e-18 2.274278989385083687e-22
-4.929419233343630864e-03 4.771213737145099144e-03 3.589310684199832956e-07
-2.097855610026788664e-07 4.442082130692722244e-03 7.874981545760590122e-07
2.043062119257022663e-03 -8.056075002154940504e-03 4.264859228072421781e-07
-6.027258619947719210e-04 -4.892292882072516065e-03 -2.342315037138787324e-07
-4.414500691609021810e-04 4.795470207892842292e-03 -6.319220061273130034e-07
1.291211045667013148e-03 4.668911846192372664e-03 -5.732457486693708662e-07
7.977525180552919037e-04 -1.012962391360805372e-03 1.345139391171352860e-07
-2.289182267713640168e-03 -4.298906243815458182e-03 4.132265484489955687e-07
-2.253660550335317460e-03 -1.945651349270193994e-03 2.026684869274141387e-07
1.737861902044379996e-03 2.197571186888875629e-03 -1.086410243744769660e-07
6.564000995277138005e-03 6.533899551694919046e-03 -3.157553575442085659e-07
1.527557031271752769e-02 1.077167217436449109e-02 -1.096843726670771092e-07
1.872405083413016327e-02 8.857407639394533280e-03 1.096843726670739460e-07
8.940573573738832755e-03 2.417525584278338614e-03 3.157553575442118481e-07
1.014347181520046902e-03 -6.080568859561824883e-04 1.086410243744782498e-07
-1.054760186990153035e-03 3.639000875942146056e-05 -2.026684869274186915e-07
-4.867639275559919494e-03 1.672910140969826633e-04 -4.132265484489993274e-07
-2.235444249248531162e-03 1.822924446626189229e-04 -1.345139391171381183e-07
6.446942716681684261e-03 -2.023919314235902815e-04 5.732457486693676898e-07
3.932331118348977167e-03 -2.780391703344905433e-03 6.319220061273070742e-07
-6.296137833285584025e-03 9.101171612411461951e-04 2.342315037138759530e-07
-4.198274250125563593e-03 6.812999507281479114e-03 -4.264859228072432369e-07
3.846917958547019581e-03 -2.221033943362108343e-03 -7.874981545760624004e-07
-8.959181655879733426e-05 -7.670110865717266052e-03 -3.589310684199855720e-07
-1.784642020325429403e-03 -1.030431566139737576e-03 2.702458610568134582e-22
-1.011030689818869302e-02 6.108716117628319557e-03 -1.920287196173760224e-07
-2.044533095626461031e-03 -7.983749247208501987e-03 6.932459305323713215e-08
1.610700515694042656e-08 -6.876342081419444668e-03 4.754520140614241683e-07
3.295361115444001921e-04 1.120560304388955493e-02 1.135080640508481755e-07
4.587985478778460607e-03 3.733735121792521126e-03 -5.218642872646823137e-07
-1.555289456359749967e-03 -8.864627372805489527e-03 -2.934412860263848303e-07
-4.047441177378486611e-03 -9.082172748160550124e-04 1.540399019021811248e-07
2.728479544708303870e-03 1.625464331650626308e-03 1.307310989833928566e-07
9.479311430402011587e-04 1.641297611006461033e-03 1.787621918962567062e-07
-1.418826233070787698e-03 6.199264050276187196e-03 -1.975569266779655644e-07
-5.542711955723893767e-03 -2.456915054488582103e-03 -5.020551987765051013e-07
-1.497547285180975997e-02 -8.645971205811482999e-03 -5.085631267269923317e-21
-6.656706658470590635e-03 -4.586358623561099038e-03 5.020551987765047836e-07
6.416561830272266183e-03 -3.314028957824390661e-03 1.975569266779686614e-07
1.895191571416377820e-03 9.299383827983224993e-09 -1.787621918962621589e-07
1.014573492968218714e-03 5.357311931917310699e-04 -1.307310989833976741e-07
-1.052366323862861984e-03 -2.035881998394858776e-03 -1.540399019021804101e-07
-8.454265177756582761e-03 3.085622264502837706e-03 2.934412860263867890e-07
3.769836656366078176e-03 1.091377512019562745e-03 5.218642872646828431e-07
1.162588990845787873e-02 -4.303311248023060191e-03 -1.135080640508460315e-07
-5.955406177947931458e-03 3.438166774971862603e-03 -4.754520140614204096e-07
-9.693343258760317091e-03 1.207125863329461170e-03 -6.932459305323493516e-08
1.993403476125289731e-03 -1.079507417084856272e-02 1.920287196173723696e-07
-1.784642020324212061e-03 -1.030431566139034579e-03 2.702458610566291406e-22
3.574743077623649713e-03 7.822710718513608066e-03 -5.707395374333328993e-07
6.259053429277427940e-04 -1.145238901166836928e-03 -1.110009709861803853e-06
6.027490508890388310e-04 -4.965058595741563344e-03 -1.534396060815241978e-07
-3.280409852107582817e-04 1.127794163207625558e-02 7.444733961345809150e-07
1.878540461285396757e-07 8.532836192030387058e-04 5.274744858621663701e-07
-1.271902557852287686e-03 -1.262256237660649809e-02 2.646537758168315770e-07
-1.585500618553717031e-03 9.657263908606681345e-04 -2.876439323579846277e-07
2.376615854387855928e-03 8.951422941491255295e-03 -6.685720073208623654e-07
4.384459999577964076e-03 2.848844580093344570e-03 -3.679187791065964424e-07
-2.089747793326319440e-03 -5.577632579594181579e-03 3.106756511112058704e-07
-1.081675847224727871e-02 -1.275490805397079541e-02 2.967670124572419807e-07
-1.046899000795278520e-02 -9.324946012920061478e-03 -9.672146253999338176e-08
-1.155284470995722457e-02 -3.388437601437502451e-03 9.672146253998839221e-08
-1.645410504003412544e-02 -2.989934019871836463e-03 -2.967670124572361574e-07
-7.632403876160430076e-03 -3.637662064511865091e-05 -3.106756511112033822e-07
6.416810369544513268e-03 3.386368593577110050e-03 3.679187791065959660e-07
8.940357870172995630e-03 -2.417538246444311898e-03 6.685720073208677653e-07
-1.713804399869309951e-03 -2.869668148472662682e-03 2.876439323579930451e-07
-9.809948421432828497e-03 6.225320203247697651e-03 -2.646537758168299888e-07
7.388302439689186339e-04 -4.266432131823129359e-04 -5.274744858621666877e-07
7.845348558607308231e-03 -6.938681354176924262e-03 -7.444733961345778446e-07
-2.240729459552832752e-03 4.018551129113028843e-03 1.534396060815268183e-07
-6.783224068032435179e-04 1.114982573298806687e-03 1.110009709861804912e-06
6.804586676793145453e-03 -1.829406997234354557e-03 5.707395374333349110e-07
2.128247977911327214e-03 1.228788733392144729e-03 -1.998158167197725925e-22
1.611074570460334886e-03 2.257136807541148399e-03 -9.878275425720041576e-07
6.233406509293550404e-03 -3.876630895244943982e-03 -8.514623489792952591e-07
4.422013799400509142e-04 4.795477365309134751e-03 -1.199866418818769403e-07
-4.587606613686954701e-03 3.661831680303820162e-03 7.874907178765737238e-07
1.270592904304000681e-03 -1.255022704735439185e-02 1.035028880975161488e-06
-3.729439369396826687e-07 -1.136818892379955464e-03 2.464512647917457494e-07
-3.393703752585693068e-06 1.959312544152144037e-02 -7.407062741797219189e-07
2.339370398636813134e-03 -7.007323859715424916e-03 -8.883489581269694605e-07
-5.637672164166530019e-03 -1.574485132186941722e-02 -2.798508106425230705e-07
4.367948640501028053e-03 9.523750311750248110e-03 5.103541201063417344e-07
1.657166955439694569e-02 4.797147743283431201e-03 7.095255865227926564e-07
8.254195094345561506e-03 4.765509513253683715e-03 -2.208675633093153020e-21
1.068355535629875869e-02 1.093866082932464998e-02 -7.095255865227870448e-07
1.218972064165604885e-02 3.594908943175981284e-05 -5.103541201063332641e-07
-1.645457742373159990e-02 2.989929740481189063e-03 2.798508106425258233e-07
-6.656909294400225469e-03 4.514435882262084372e-03 8.883489581269695664e-07
1.872374358313516618e-02 -8.785084917492615164e-03 7.407062741797275305e-07
-9.842989508916594535e-04 5.684094461899363154e-04 -2.464512647917451141e-07
-1.199061741839738474e-02 6.361287801121210360e-03 -1.035028880975164453e-06
2.634804658595353306e-03 -4.789162815477637260e-03 -7.874907178765752061e-07
4.373872447629616536e-03 -2.015087752574737379e-03 1.199866418818781579e-07
-1.998013705218207488e-03 6.321720349473154699e-03 8.514623489792966355e-07
4.517833920160114515e-03 1.281408994082331582e-03 9.878275425720043694e-07
2.128247977912779178e-03 1.228788733392983034e-03 -1.998158167199089029e-22
-5.952549519724843578e-03 -3.930056193055025873e-04 -1.398504248101553573e-07
-2.123363233699181608e-03 -3.735875420579145775e-03 -2.444855158824315366e-07
5.751452872833264646e-05 -1.390438775954760432e-03 -4.606136862385995697e-07
-1.290826535935477980e-03 4.741682732071889755e-03 -4.351566490498295396e-08
1.554721316973929537e-03 -8.864625791003112945e-03 7.286336250816116256e-07
1.584754730680004850e-03 8.929648998749876738e-04 2.155267227872790797e-07
4.182861301067937465e-06 1.966546077077365937e-02 -2.692752527438872787e-07
3.240789499445151899e-07 -1.729194521878438251e-02 -4.487822344827506291e-08
-4.536675254726970849e-03 -1.274977317266813223e-02 3.005727802067016985e-08
-2.437662395754897765e-03 1.577218398088975695e-02 -2.789528975830618196e-07
1.031433455881949728e-02 1.786534247975942943e-02 -9.418787127845349658e-08
3.261231750037524302e-02 2.170378600552094750e-02 1.910692470626575396e-07
3.686021365903295599e-02 1.840512658576355307e-02 -1.910692470626582807e-07
2.062913483639303158e-02 -1.490800503298238613e-08 9.418787127845343041e-08
1.068234319956643322e-02 -1.101100911918956315e-02 2.789528975830595961e-07
-1.155305085345955524e-02 3.461193971870642552e-03 -3.005727802067856077e-08
-1.497506127858127742e-02 8.645974012972904715e-03 4.487822344827054319e-08
1.527597780160132659e-02 -1.084442148104341509e-02 2.692752527438873316e-07
3.323545790279955857e-03 1.940322503104897119e-03 -2.155267227872803238e-07
-6.899839969442418328e-03 5.779002913820750070e-03 -7.286336250816119433e-07
1.703057618552289258e-03 -4.502910427127308941e-03 4.351566490498118048e-08
5.818820541197639376e-04 1.760011358248358406e-03 4.606136862385973462e-07
-4.296743179821063859e-03 2.903790462918166317e-05 2.444855158824325954e-07
-5.073695545073593494e-03 -5.973563206487907812e-03 1.398504248101572366e-07
-9.933030384434212573e-04 -5.733802227833127013e-04 -5.878669215839803480e-22
-4.951919887396667372e-03 2.153440131811978388e-03 3.806989435497041515e-07
5.455243842439816068e-04 -1.584170180766839627e-03 9.260835120757792462e-08
-1.315731926761796750e-03 1.262701115025077758e-03 -5.998426457653473027e-08
-7.975759862793281932e-04 -1.085292842393525449e-03 -2.058099471306072205e-07
4.046695289504732146e-03 -8.363076973679902867e-04 -1.747839256938561224e-07
-2.376568211001747234e-03 8.951424523293661367e-03 -2.242212633056881102e-07
-2.338725397735929093e-03 -7.079227301204174885e-03 1.990713310288828235e-07
4.536185425955407968e-03 -1.267743458448143679e-02 8.510347900372330036e-07
-2.311964167951057261e-07 9.531010495031848329e-03 1.925160323306678571e-07
7.956439386131476665e-04 4.007296295974030476e-02 -7.418990374501342128e-07
-4.537284876465032951e-02 -8.054615759919814266e-02 -6.394014053968929403e-07
-9.662527092645115112e-02 -5.578680336511275539e-02 -3.179785672230407511e-21
-9.419929238599158983e-02 -3.597317279887044363e-05 6.394014053968883875e-07
3.685897576690395916e-02 -1.833280867989903543e-02 7.418990374501271189e-07
8.253967116511298080e-03 -4.765500981778069203e-03 -1.925160323306755598e-07
-1.046785645350154642e-02 9.252630170921332178e-03 -8.510347900372395681e-07
-5.542313619052660796e-03 2.528841600607617882e-03 -1.990713310288879851e-07
6.563702520215295572e-03 -6.533884082367497591e-03 2.242212633056853573e-07
-4.588859658338972566e-04 2.908144484486879094e-03 1.747839256938556724e-07
4.185283846617508449e-04 8.666199774160542393e-04 2.058099471306066911e-07
4.359616834625843883e-04 -1.770976831614060228e-03 5.998426457653400235e-08
-2.856133041550336371e-03 2.497451302000790185e-04 -9.260835120757640261e-08
1.146618702419483979e-03 -4.350335421713505575e-03 -3.806989435497033574e-07
-9.933030384427438478e-04 -5.733802227829215212e-04 -5.878669215835793634e-22
5.872098176763864905e-03 6.489684056470875623e-03 2.589234004816798342e-07
3.986039044178450209e-03 8.105440939884919673e-04 4.354502372731409255e-07
2.251339799813549362e-04 -8.244116860836154213e-04 2.263115602287316526e-07
-1.225966136508608445e-03 3.870527908626856389e-03 -3.170628797033160427e-07
2.288436379839710495e-03 -4.298901752137406981e-03 -6.542007494163358433e-07
-2.729176572483955031e-03 1.553133880617920109e-03 -6.821397166954721718e-08
-4.383820643317451471e-03 2.921615465972762782e-03 4.509629411803898380e-07
5.637926150949533824e-03 -1.574484416445306317e-02 3.048378628309048530e-07
2.437209028037712853e-03 1.569941826722067238e-02 3.246734199200495393e-08
-7.953132894873201492e-04 4.014528871468701909e-02 -1.424495392354120921e-08
1.471988138929309926e-07 -1.115735924862569367e-01 -1.030018365289903385e-07
3.257527309446907327e-02 5.837935656207896007e-02 -1.293036368701622216e-07
6.860261858082107589e-02 3.636764545046210651e-05 1.293036368701654774e-07
-9.662580972994241901e-02 5.578678912114422295e-02 1.030018365289905238e-07
3.261205866309290630e-02 -2.177653040324382949e-02 1.424495392354054912e-08
1.657279960127559446e-02 -4.724784556312710410e-03 -3.246734199200112243e-08
-1.081635022493919115e-02 1.275492367199869935e-02 -3.048378628309038472e-07
-1.419846486709401947e-03 -6.271593547191437780e-03 -4.509629411803886204e-07
1.737215231881746079e-03 -2.124815104527615246e-03 6.821397166955094942e-08
-2.578563123477321979e-03 4.131612983879382264e-03 6.542007494163384902e-07
9.824419110571027194e-04 -4.012048013551604113e-03 3.170628797033132898e-07
1.156628309821265037e-03 1.621038089932569631e-03 -2.263115602287349614e-07
2.694607308676454961e-03 3.046419971378018683e-03 -4.354502372731391255e-07
6.798093791370874057e-03 8.265186607849320244e-04 -2.589234004816806812e-07
3.488561390998925236e-18 -5.084770927735632180e-18 -8.581210423915350752e-22
-1.174821763687066214e-03 6.581216051091808711e-06 3.193070587267316507e-07
3.190486348386054136e-03 -3.496008318689013648e-03 4.934587890198499266e-07
-8.132056688935878751e-04 1.408014523150025003e-03 -1.865877270271715914e-07
-1.507717679943342513e-03 5.810310947050252627e-04 -6.211087886425889245e-07
2.252957877919558108e-03 -1.873308055365910168e-03 -4.074837150713491019e-07
-9.472926423867151884e-04 1.641307678298319691e-03 5.861184604290863858e-07
2.090751463780930828e-03 -5.649963994375728493e-03 6.048625083673470421e-07
-4.368379780394018863e-03 9.595649351143632766e-03 -5.979020479339544503e-07
-1.031473385777970618e-02 1.786531837624213276e-02 -2.913894522485079140e-07
4.537313333732949372e-02 -8.061807997963602035e-02 5.974051446933365040e-07
-3.257544320456459697e-02 5.845169717536370657e-02 4.191639487076030958e-07
7.138628695915709168e-19 -6.505885942002085246e-20 4.793227216654388080e-21
3.257544320456459697e-02 -5.845169717536372045e-02 -4.191639487075961607e-07
-4.537313333732945902e-02 8.061807997963593708e-02 -5.974051446933308924e-07
1.031473385777965934e-02 -1.786531837624202521e-02 2.913894522485141079e-07
4.368379780394168049e-03 -9.595649351143892974e-03 5.979020479339635559e-07
-2.090751463780988507e-03 5.649963994375823903e-03 -6.048625083673438657e-07
9.472926423867880467e-04 -1.641307678298440688e-03 -5.861184604290834212e-07
-2.252957877919490454e-03 1.873308055365772475e-03 4.074837150713547665e-07
1.507717679943315408e-03 -5.810310947049850388e-04 6.211087886425905127e-07
8.132056688936323274e-04 -1.408014523150093525e-03 1.865877270271672503e-07
-3.190486348385975640e-03 3.496008318688880508e-03 -4.934587890198486560e-07
1.174821763687113703e-03 -6.581216051184833257e-06 -3.193070587267306978e-07
3.488561390998925236e-18 -5.084770927735632180e-18 -8.581210423915350752e-22
-6.798093791370894874e-03 -8.265186607848999320e-04 2.589234004816801518e-07
-2.694607308676595474e-03 -3.046419971378059015e-03 4.354502372731420372e-07
-1.156628309821365651e-03 -1.621038089932500892e-03 2.263115602287320497e-07
-9.824419110571239698e-04 4.012048013551600643e-03 -3.170628797033151427e-07
2.578563123477502824e-03 -4.131612983879490685e-03 -6.542007494163351021e-07
-1.737215231881903505e-03 2.124815104527658614e-03 -6.821397166954974504e-08
1.419846486709401513e-03 6.271593547191427372e-03 4.509629411803869793e-07
1.081635022493922758e-02 -1.275492367199868721e-02 3.048378628309051177e-07
-1.657279960127549037e-02 4.724784556312624541e-03 3.246734199200268415e-08
-3.261205866309294793e-02 2.177653040324383643e-02 -1.424495392353769039e-08
9.662580972994241901e-02 -5.578678912114431315e-02 -1.030018365289890018e-07
-6.860261858082107589e-02 -3.636764545046340755e-05 -1.293036368701616392e-07
-3.257527309446914265e-02 -5.837935656207906415e-02 1.293036368701630421e-07
-1.471988139806429483e-07 1.115735924862569090e-01 1.030018365289876254e-07
7.953132894872923936e-04 -4.014528871468678317e-02 1.424495392353987745e-08
-2.437209028037741476e-03 -1.569941826722074524e-02 -3.246734199200055995e-08
-5.637926150949491323e-03 1.574484416445318113e-02 -3.048378628309037942e-07
4.383820643317426317e-03 -2.921615465972888549e-03 -4.509629411803886204e-07
2.729176572483886076e-03 -1.553133880617905797e-03 6.821397166954905683e-08
-2.288436379839827155e-03 4.298901752137431267e-03 6.542007494163393373e-07
1.225966136508480943e-03 -3.870527908626907564e-03 3.170628797033144016e-07
-2.251339799814876426e-04 8.244116860834705719e-04 -2.263115602287337438e-07
-3.986039044178478832e-03 -8.105440939884275657e-04 -4.354502372731390726e-07
-5.872098176764050520e-03 -6.489684056470953685e-03 -2.589234004816807342e-07
9.933030384427035155e-04 5.733802227829349653e-04 -4.172092214562910399e-23
-1.146618702419349971e-03 4.350335421713535933e-03 3.806989435497052103e-07
2.856133041550338106e-03 -2.497451302000694776e-04 9.260835120757984368e-08
-4.359616834625564159e-04 1.770976831613912559e-03 -5.998426457653466409e-08
-4.185283846618670714e-04 -8.666199774160644308e-04 -2.058099471306067441e-07
4.588859658339722834e-04 -2.908144484486914656e-03 -1.747839256938563606e-07
-6.563702520215299041e-03 6.533884082367413457e-03 -2.242212633056897778e-07
5.542313619052611356e-03 -2.528841600607575381e-03 1.990713310288836970e-07
1.046785645350154642e-02 -9.252630170921328709e-03 8.510347900372326859e-07
-8.253967116511301549e-03 4.765500981778063999e-03 1.925160323306682012e-07
-3.685897576690393140e-02 1.833280867989900420e-02 -7.418990374501345305e-07
9.419929238599154819e-02 3.597317279886903417e-05 -6.394014053968933638e-07
9.662527092645119275e-02 5.578680336511264437e-02 -3.199431211778541918e-21
4.537284876465039196e-02 8.054615759919828144e-02 6.394014053968869052e-07
-7.956439386130964922e-04 -4.007296295974032557e-02 7.418990374501288130e-07
2.311964166911307378e-07 -9.531010495031824042e-03 -1.925160323306766450e-07
-4.536185425955316028e-03 1.267743458448143332e-02 -8.510347900372406269e-07
2.338725397735996313e-03 7.079227301204171416e-03 -1.990713310288887263e-07
2.376568211001859124e-03 -8.951424523293640551e-03 2.242212633056858867e-07
-4.046695289504667961e-03 8.363076973680402685e-04 1.747839256938558047e-07
7.975759862792987029e-04 1.085292842393502898e-03 2.058099471306077764e-07
1.315731926761866790e-03 -1.262701115025161025e-03 5.998426457653528613e-08
-5.455243842438974727e-04 1.584170180766896439e-03 -9.260835120757595262e-08
4.951919887396742832e-03 -2.153440131812032164e-03 -3.806989435497022986e-07
9.933030384433809250e-04 5.733802227833261454e-04 -4.172092214565756271e-23
5.073695545073518900e-03 5.973563206487932098e-03 -1.398504248101550661e-07
4.296743179821151462e-03 -2.903790462920952716e-05 -2.444855158824300543e-07
-5.818820541198112088e-04 -1.760011358248393318e-03 -4.606136862385983521e-07
-1.703057618552243071e-03 4.502910427127339299e-03 -4.351566490498280837e-08
6.899839969442443481e-03 -5.779002913820794306e-03 7.286336250816098257e-07
-3.323545790279940678e-03 -1.940322503104899288e-03 2.155267227872778886e-07
-1.527597780160134394e-02 1.084442148104336825e-02 -2.692752527438864317e-07
1.497506127858126701e-02 -8.645974012972934206e-03 -4.487822344827371956e-08
1.155305085345953442e-02 -3.461193971870629542e-03 3.005727802067222126e-08
-1.068234319956657546e-02 1.101100911918961520e-02 -2.789528975830619784e-07
-2.062913483639291709e-02 1.490800503406658831e-08 -9.418787127845476713e-08
-3.686021365903274088e-02 -1.840512658576345592e-02 1.910692470626558191e-07
-3.261231750037528465e-02 -2.170378600552091974e-02 -1.910692470626577778e-07
-1.031433455881950595e-02 -1.786534247975943637e-02 9.418787127845503183e-08
2.437662395754840085e-03 -1.577218398088977430e-02 2.789528975830601785e-07
4.536675254726924011e-03 1.274977317266812876e-02 -3.005727802067956001e-08
-3.240789499708070925e-07 1.729194521878443108e-02 4.487822344826935205e-08
-4.182861301002017973e-06 -1.966546077077360385e-02 2.692752527438869611e-07
-1.584754730679978612e-03 -8.929648998749701097e-04 -2.155267227872806414e-07
-1.554721316973887903e-03 8.864625791003093863e-03 -7.286336250816117315e-07
1.290826535935461501e-03 -4.741682732071924450e-03 4.351566490498100181e-08
-5.751452872833091173e-05 1.390438775954681285e-03 4.606136862385965521e-07
2.123363233699217603e-03 3.735875420579169628e-03 2.444855158824305308e-07
5.952549519724818425e-03 3.930056193056056949e-04 1.398504248101550661e-07
-2.128247977912811270e-03 -1.228788733392984335e-03 1.128274355522714558e-21
-4.517833920160155281e-03 -1.281408994082385358e-03 -9.878275425720047929e-07
1.998013705218253892e-03 -6.321720349473136484e-03 -8.514623489792961061e-07
-4.373872447629673782e-03 2.015087752574639800e-03 -1.199866418818814931e-07
-2.634804658595401011e-03 4.789162815477659811e-03 7.874907178765711827e-07
1.199061741839741249e-02 -6.361287801121232044e-03 1.035028880975163394e-06
9.842989508916477441e-04 -5.684094461899898750e-04 2.464512647917499846e-07
-1.872374358313520087e-02 8.785084917492587409e-03 -7.407062741797218130e-07
6.656909294400274041e-03 -4.514435882262099985e-03 -8.883489581269694605e-07
1.645457742373161725e-02 -2.989929740481162609e-03 -2.798508106425244999e-07
-1.218972064165635416e-02 -3.594908943176219809e-05 5.103541201063433226e-07
-1.068355535629881593e-02 -1.093866082932470896e-02 7.095255865227918094e-07
-8.254195094345471301e-03 -4.765509513253770452e-03 4.756288522179909131e-24
-1.657166955439694916e-02 -4.797147743283486712e-03 -7.095255865227865154e-07
-4.367948640501124330e-03 -9.523750311750418113e-03 -5.103541201063336876e-07
5.637672164166528284e-03 1.574485132186943109e-02 2.798508106425266704e-07
-2.339370398636611472e-03 7.007323859715432722e-03 8.883489581269697781e-07
3.393703752472936042e-06 -1.959312544152138832e-02 7.407062741797275305e-07
3.729439368788589268e-07 1.136818892379908410e-03 -2.464512647917435789e-07
-1.270592904303991140e-03 1.255022704735426695e-02 -1.035028880975164241e-06
4.587606613686948630e-03 -3.661831680303768120e-03 -7.874907178765755238e-07
-4.422013799399565886e-04 -4.795477365309141690e-03 1.199866418818761727e-07
-6.233406509293651886e-03 3.876630895244904083e-03 8.514623489792931415e-07
-1.611074570460298240e-03 -2.257136807541281105e-03 9.878275425720045812e-07
-2.128247977911359307e-03 -1.228788733392146030e-03 1.128274355521944939e-21
-6.804586676793247801e-03 1.829406997234367133e-03 -5.707395374333343816e-07
6.783224068032187980e-04 -1.114982573298862415e-03 -1.110009709861804912e-06
2.240729459552918620e-03 -4.018551129112956852e-03 -1.534396060815268447e-07
-7.845348558607320374e-03 6.938681354176978906e-03 7.444733961345828209e-07
-7.388302439689268739e-04 4.266432131822655563e-04 5.274744858621681700e-07
9.809948421432779925e-03 -6.225320203247674232e-03 2.646537758168353886e-07
1.713804399869286099e-03 2.869668148472686101e-03 -2.876439323579863218e-07
-8.940357870173058080e-03 2.417538246444263760e-03 -6.685720073208643771e-07
-6.416810369544549697e-03 -3.386368593577107882e-03 -3.679187791065994600e-07
7.632403876160515944e-03 3.637662064512087352e-05 3.106756511112078821e-07
1.645410504003420524e-02 2.989934019871925367e-03 2.967670124572426160e-07
1.155284470995717426e-02 3.388437601437592657e-03 -9.672146253999012598e-08
1.046899000795279040e-02 9.324946012920018110e-03 9.672146253998575847e-08
1.081675847224728218e-02 1.275490805397079888e-02 -2.967670124572363692e-07
2.089747793326342858e-03 5.577632579594229284e-03 -3.106756511112032234e-07
-4.384459999577984893e-03 -2.848844580093343702e-03 3.679187791065972894e-07
-2.376615854387842050e-03 -8.951422941491258764e-03 6.685720073208692476e-07
1.585500618553763869e-03 -9.657263908606772418e-04 2.876439323579935216e-07
1.271902557852310888e-03 1.262256237660648421e-02 -2.646537758168312593e-07
-1.878540460728116840e-07 -8.532836192031538480e-04 -5.274744858621672171e-07
3.280409852107322609e-04 -1.127794163207621395e-02 -7.444733961345793269e-07
-6.027490508889649969e-04 4.965058595741507833e-03 1.534396060815272947e-07
-6.259053429277381319e-04 1.145238901166876176e-03 1.110009709861804912e-06
-3.574743077623726475e-03 -7.822710718513601127e-03 5.707395374333362874e-07
1.784642020324194930e-03 1.030431566139039350e-03 2.964981537108494359e-22
-1.993403476125242026e-03 1.079507417084850027e-02 -1.920287196173762871e-07
9.693343258760193926e-03 -1.207125863329355786e-03 6.932459305323606012e-08
5.955406177947916713e-03 -3.438166774971898598e-03 4.754520140614253330e-07
-1.162588990845784230e-02 4.303311248023074069e-03 1.135080640508508622e-07
-3.769836656366036542e-03 -1.091377512019579225e-03 -5.218642872646809372e-07
8.454265177756539393e-03 -3.085622264502832501e-03 -2.934412860263844068e-07
1.052366323862788909e-03 2.035881998394905613e-03 1.540399019021810719e-07
-1.014573492968106824e-03 -5.357311931918425259e-04 1.307310989833917184e-07
-1.895191571416512261e-03 -9.299383826682182386e-09 1.787621918962553827e-07
-6.416561830272354654e-03 3.314028957824304358e-03 -1.975569266779651674e-07
6.656706658470534256e-03 4.586358623561179702e-03 -5.020551987765041484e-07
1.497547285180981201e-02 8.645971205811488203e-03 -4.241143779636496392e-21
5.542711955723792286e-03 2.456915054488768586e-03 5.020551987765022425e-07
1.418826233070796588e-03 -6.199264050276188064e-03 1.975569266779656703e-07
-9.479311430402124344e-04 -1.641297611006491391e-03 -1.787621918962634030e-07
-2.728479544708250961e-03 -1.625464331650668375e-03 -1.307310989833962182e-07
4.047441177378421559e-03 9.082172748160706249e-04 -1.540399019021781602e-07
1.555289456359781625e-03 8.864627372805515548e-03 2.934412860263872655e-07
-4.587985478778413770e-03 -3.733735121792548448e-03 5.218642872646799843e-07
-3.295361115444173225e-04 -1.120560304388954105e-02 -1.135080640508489829e-07
-1.610700525733754773e-08 6.876342081419382218e-03 -4.754520140614199861e-07
2.044533095626376897e-03 7.983749247208521069e-03 -6.932459305323275140e-08
1.011030689818878323e-02 -6.108716117628430579e-03 1.920287196173758371e-07
1.784642020325412273e-03 1.030431566139742346e-03 2.964981537110517149e-22
8.959181655877933650e-05 7.670110865717272124e-03 3.589310684199839838e-07
-3.846917958546938916e-03 2.221033943362206355e-03 7.874981545760588005e-07
4.198274250125704106e-03 -6.812999507281529421e-03 4.264859228072429192e-07
6.296137833285587494e-03 -9.101171612410056825e-04 -2.342315037138766677e-07
-3.932331118349015331e-03 2.780391703344795712e-03 -6.319220061273123681e-07
-6.446942716681697272e-03 2.023919314236470937e-04 -5.732457486693707603e-07
2.235444249248565857e-03 -1.822924446627134654e-04 1.345139391171360537e-07
4.867639275559752093e-03 -1.672910140968937587e-04 4.132265484489962569e-07
1.054760186989991272e-03 -3.639000875941948189e-05 2.026684869274131593e-07
-1.014347181520021532e-03 6.080568859561413970e-04 -1.086410243744781175e-07
-8.940573573738862245e-03 -2.417525584278229760e-03 -3.157553575442099423e-07
-1.872405083413015980e-02 -8.857407639394441340e-03 -1.096843726670772018e-07
-1.527557031271744095e-02 -1.077167217436456569e-02 1.096843726670746343e-07
-6.564000995277145811e-03 -6.533899551694910372e-03 3.157553575442128540e-07
-1.737861902044458709e-03 -2.197571186888850909e-03 1.086410243744766219e-07
2.253660550335252408e-03 1.945651349270111161e-03 -2.026684869274186915e-07
2.289182267713540421e-03 4.298906243815493744e-03 -4.132265484489999097e-07
-7.977525180551756773e-04 1.012962391360784989e-03 -1.345139391171384624e-07
-1.291211045667085139e-03 -4.668911846192400419e-03 5.732457486693667369e-07
4.414500691608852674e-04 -4.795470207892895201e-03 6.319220061273090859e-07
6.027258619948254806e-04 4.892292882072529075e-03 2.342315037138760854e-07
-2.043062119256944600e-03 8.056075002154956116e-03 -4.264859228072416487e-07
2.097855609285194378e-07 -4.442082130692689285e-03 -7.874981545760619769e-07
4.929419233343627395e-03 -4.771213737145095675e-03 -3.589310684199861014e-07
-1.243146456234933237e-07 -1.152868310075990916e-17 1.082751166396854795e-22
-8.291617002635214354e-03 -2.934870096406333451e-03 9.098979096404167299e-07
-8.649515213369452296e-03 -4.650408845581311540e-03 5.889154226290846186e-07
1.305036922655127083e-03 -3.024713235566414520e-05 -1.945401281469197256e-07
4.778185848276211324e-03 2.409139504266536759e-03 -3.876386341555824462e-07
2.927339873976791268e-03 4.055273764300669492e-04 -3.786599965281535399e-07
-1.751351039024054120e-03 -5.082764844969946041e-04 -3.933602466623318169e-07
-5.659350839212446554e-03 -1.774733900696151036e-04 8.802601890773039785e-08
4.387046708884635910e-04 3.594853455768094556e-05 4.356044674033711854e-07
4.867112746337058822e-03 1.672807981047243556e-04 3.214112502467514663e-09
1.052130884711344411e-03 -2.107786910493191206e-03 -7.664561978185183418e-08
1.713506301086993502e-03 -2.797313942453570536e-03 5.668147320372187775e-08
9.847291297145482902e-04 5.684094461899510606e-04 2.387429739519788234e-22
-3.323112661816235956e-03 1.867968297085764642e-03 -5.668147320371867490e-08
4.582227124873688995e-04 2.980049396585227571e-03 7.664561978185576494e-08
2.578525137338025415e-03 4.131623199871709527e-03 -3.214112502465382192e-09
-1.506971792069540343e-03 -6.529281638203237280e-04 -4.356044674033692796e-07
-1.226148312924483456e-03 -3.798184614722581454e-03 -8.802601890773125811e-08
-1.316117292100477815e-03 -1.262691047733243603e-03 3.933602466623283759e-07
5.751290162087606406e-05 1.318107361173104447e-03 3.786599965281500989e-07
6.233405548223500472e-03 3.948529934638398027e-03 3.876386341555766758e-07
6.266463712112215010e-04 1.145214797649442024e-03 1.945401281469186139e-07
-1.010989715201572950e-02 -6.180638498066107038e-03 -5.889154226290858892e-07
-4.930674354801327548e-03 -4.698873123860460195e-03 -9.098979096404167299e-07
-1.243146456235781328e-07 -1.152868310076777312e-17 1.082751166397593475e-22
1.510737175454337101e-07 -2.060870254262988505e-03 3.073093270214032628e-07
-6.681888890752365508e-03 5.956927597876775747e-03 2.243102159530354551e-07
5.448283108405541650e-04 3.574936107011045770e-03 -3.013017736568507083e-07
2.173490443211077358e-03 -3.706835425339456702e-03 -3.341869031730668757e-07
-4.942079108237115714e-05 -1.370805424087774560e-03 -2.414023869954244944e-07
2.521509793534711802e-03 8.330068241637592248e-04 -3.396477551112356585e-07
-1.625830298883869027e-03 -2.245839019040987011e-09 1.760443867644815218e-07
-5.660618026990550493e-03 1.051300961652615632e-04 4.859329752322830657e-07
2.235192226913029160e-03 2.550485270238142532e-04 -6.119910803496449995e-08
8.454698682499896950e-03 3.085637733830273038e-03 -1.164739418455478328e-07
9.810401290194699711e-03 6.152570896568866458e-03 6.443200915116491146e-08
1.199105969907386660e-02 6.433610523023026995e-03 -6.443200915116239683e-08
6.899156980510141868e-03 5.778990251654759006e-03 1.164739418455484284e-07
-4.193192114723084431e-04 7.942942846517345515e-04 6.119910803496704105e-08
-9.816960231833306901e-04 -3.939267996032800277e-03 -4.859329752322778776e-07
-8.126471867542382679e-04 -1.408004307157686248e-03 -1.760443867644784778e-07
2.247567841519989770e-04 7.516556037222869510e-04 3.396477551112357644e-07
5.455393403204032016e-04 1.656499677682132278e-03 2.414023869954269825e-07
-2.123341302184339127e-03 3.735859802551326839e-03 3.341869031730701580e-07
1.611084850825269654e-03 -2.329499994511991488e-03 3.013017736568539376e-07
3.575127088400063304e-03 -7.749966320790844035e-03 -2.243102159530317493e-07
-1.784915124260933557e-03 1.030438688123950673e-03 -3.073093270215077125e-07
-9.949120309077900499e-08 2.457581732521717244e-03 -1.754000328639450975e-08
-4.330744636568109075e-03 -6.402517855669720773e-03 -5.823859037480993171e-07
-2.645216640419887841e-03 -2.160941666747235104e-03 -1.819442726059952020e-07
1.291144390195272072e-03 3.856964678046023894e-03 2.587564128909503648e-07
2.927238115811308002e-03 -3.595478872401853924e-05 -6.144375250143574038e-08
2.520248250396637558e-03 -7.606763731311271849e-04 -2.096217680272099025e-07
-1.751611230868755894e-03 5.082664172050567995e-04 1.255856549798923804e-07
-6.445787433361544264e-03 -2.747214283389026648e-04 1.823447390101506994e-07
-3.769374635391398165e-03 1.163304058138444133e-03 1.007694686082802444e-07
-7.391067875159391867e-04 -4.266404060208413458e-04 8.674022698384186456e-22
-2.635500715163793459e-03 -4.861085556776731723e-03 -1.007694686082817929e-07
-1.703870673186784002e-03 -4.430570791374547485e-03 -1.823447390101539552e-07
-4.352157955888754596e-04 -1.770958232846365664e-03 -1.255856549798917981e-07
-1.155316987011082222e-03 1.548712397168160605e-03 2.096217680272148259e-07
3.190125735740410688e-03 3.567913230787151356e-03 6.144375250143691828e-08
3.985332221678281918e-03 -8.105595633158995447e-04 -2.587564128909500472e-07
-4.951888045244982016e-03 -2.225366677930891001e-03 1.819442726060012900e-07
-5.952542746932498394e-03 4.653214613043570036e-04 5.823859037481058816e-07
2.128424553575060645e-03 -1.228792999129765069e-03 1.754000328639664057e-08
6.263364957714004754e-08 -1.146759041984962398e-03 7.646831173304108634e-09
-4.378731813849669370e-03 7.279821760241250717e-03 3.675423403808309753e-07
1.100774948509258225e-03 3.638074549287210590e-05 2.766813901366634982e-07
1.290627518219022735e-03 -3.856966259848424328e-03 -5.295664527015669406e-07
-4.968012731994134526e-05 1.298034538208269178e-03 -7.681702118250225316e-07
2.928478574112904770e-03 -3.331959616485425865e-04 3.413166420340014742e-07
-3.931879008011252355e-03 -2.780376085317038792e-03 8.463621971565708030e-07
-1.162688843322761539e-02 -4.375627090021793827e-03 3.053317099032461305e-07
-7.846041107603125841e-03 -6.865924983743897786e-03 -3.053317099032457070e-07
-4.373964579294644522e-03 -2.015092031965381742e-03 -8.463621971565754617e-07
-5.811361662460771266e-04 1.687258116958124899e-03 -3.413166420340049152e-07
2.857466592184696591e-03 3.220847659528638940e-04 7.681702118250258138e-07
-2.694948185736215432e-03 3.046407309212061446e-03 5.295664527015679994e-07
-1.176260189713019752e-03 -7.893542207035374007e-05 -2.766813901366687392e-07
5.872120866702997335e-03 -6.416934749792117289e-03 -3.675423403808343104e-07
-9.929386614356556628e-04 5.733788192025025300e-04 -7.646831173308317329e-09
-5.493581654037490464e-18 -3.957200125988167748e-19 -1.914547418815419503e-21
-4.378507171663568141e-03 -7.352157089493430685e-03 -3.681145365649876737e-07
-2.645470332017401012e-03 2.232845108236005023e-03 -6.051081051605205834e-07
2.173879459675607563e-03 3.706828267923277433e-03 -1.019653455728143232e-07
4.778615066029029412e-03 -2.481038543659999478e-03 6.228941704965937385e-07
6.295142816088422633e-03 9.824803482118679623e-04 6.397443302911114270e-07
5.954735463283920838e-03 3.438175306447563417e-03 1.639058383773824338e-21
2.241377100922783278e-03 3.946202839248118266e-03 -6.397443302911126975e-07
1.998759593092005321e-03 6.393618528336650689e-03 -6.228941704965995619e-07
4.297355807485882945e-03 2.903362523850526152e-05 1.019653455728122983e-07
-1.146946511843181154e-03 -4.422258163012578354e-03 6.051081051605200540e-07
-6.799541369609391796e-03 8.988413826866304811e-04 3.681145365649839150e-07
-1.452382672613784059e-17 -2.751649423189789944e-17 -2.015150758939514122e-21
-6.263364953333460047e-08 1.146759041986103412e-03 -7.646831173311253820e-09
-4.331099435658222752e-03 6.330179267483040939e-03 2.325938843443255378e-07
5.452353007692353976e-04 -3.502170393342028849e-03 7.483069601019820975e-08
1.304772653376523291e-03 3.027123587306292519e-05 -3.063838226884205903e-08
4.197634394909972345e-03 6.740255109558652633e-03 1.266760426360086933e-08
9.694016635526787190e-03 1.279443769193910722e-03 -1.266760426359748616e-08
6.790682946769936463e-04 1.114952757288769454e-03 3.063838226883948484e-08
-4.517961065530167256e-03 1.209060704217482371e-03 -7.483069601019932148e-08
5.073364228077294376e-03 -5.900806836054860519e-03 -2.325938843443233144e-07
9.929386614353258485e-04 -5.733788192022901348e-04 7.646831173306345331e-09
9.949120311600719311e-08 -2.457581732524262517e-03 1.754000328641519919e-08
-6.681423211945067102e-03 -6.029253352823307072e-03 -4.528092041997518762e-07
-8.650129333188507491e-03 4.722331226018990601e-03 -3.037215098717244247e-07
-3.846943670418081530e-03 -2.221048187330578773e-03 1.532455482331052896e-21
-1.992657588251544373e-03 -1.086702051644625709e-02 3.037215098717261717e-07
-6.804739557559998792e-03 -1.757089091369968105e-03 4.528092041997539938e-07
-2.128424553577204330e-03 1.228792999131059173e-03 -1.754000328641244964e-08
-1.510737175306343504e-07 2.060870254262975061e-03 -3.073093270214020981e-07
-8.292351628092973354e-03 2.862529483121686695e-03 -3.312571902157415025e-07
9.033770443258107297e-05 -7.597375574816390628e-03 3.312571902157449435e-07
1.784915124259713612e-03 -1.030438688123254181e-03 3.073093270212976483e-07
1.243146456167712702e-07 -3.650147314033701647e-18 2.274278989385083687e-22
