-7.582926916456193139e-05
-3.851194409922215100e-05
-1.094080559127445136e-05
-1.094080559125985190e-05
-3.851194409923398235e-05
3.480046380104232987e-05
4.500457029719951135e-06
8.949702792521811441e-05
1.511680423368593059e-04
8.949702792520317952e-05
4.500457029740442556e-06
3.480046380103438808e-05
3.553430082656174277e-05
1.340056766952766112e-04
-5.678115601519305791e-06
-1.194102237393514107e-04
4.991228440579270501e-05
4.991228440583494823e-05
-1.194102237393790443e-04
-5.678115601509981653e-06
1.340056766952864233e-04
3.553430082658828540e-05
3.651730915979532841e-05
6.135945047540500470e-05
-6.861382157338899359e-05
-1.606283795295947170e-04
-6.447661898282701408e-05
-8.168572830521080540e-05
-1.805304936089558278e-04
-8.168572830520310756e-05
-6.447661898279183172e-05
-1.606283795295955301e-04
-6.861382157336768902e-05
6.135945047536456396e-05
3.651730915979568078e-05
3.553430082657269321e-05
6.135945047540424576e-05
-1.891433203228479328e-05
-1.715403135872626032e-04
-8.816757276271409982e-05
8.676784227270938716e-05
1.048621402735124236e-04
9.129679195825173271e-05
9.129679195827704883e-05
1.048621402735065147e-04
8.676784227267718636e-05
-8.816757276269604785e-05
-1.715403135872623863e-04
-1.891433203226721566e-05
6.135945047539611424e-05
3.553430082654980977e-05
3.480046380100716106e-05
1.340056766952755270e-04
-6.861382157338590361e-05
-1.715403135872633892e-04
4.352791327243740304e-05
1.008400265797328166e-04
7.085434033874532782e-05
2.169398190997831491e-04
1.321807289803750046e-04
-4.597694353883634462e-05
1.321807289803606390e-04
2.169398190997848025e-04
7.085434033872356247e-05
1.008400265797399723e-04
4.352791327243263255e-05
-1.715403135872692710e-04
-6.861382157338937306e-05
1.340056766952769094e-04
3.480046380100358319e-05
-3.851194409924817185e-05
4.500457029718694985e-06
-5.678115601519075398e-06
-1.606283795295975901e-04
-8.816757276271507560e-05
1.008400265797359608e-04
1.498946287069418391e-04
7.025594223129659087e-05
-1.255314265548180663e-04
-2.589970692249547214e-04
-1.874936591407694200e-04
-1.874936591407633485e-04
-2.589970692249610098e-04
-1.255314265547964906e-04
7.025594223129377194e-05
1.498946287069499706e-04
1.008400265797400807e-04
-8.816757276271187721e-05
-1.606283795295883473e-04
-5.678115601511336905e-06
4.500457029714692754e-06
-3.851194409923661154e-05
-7.582926916461387823e-05
-1.094080559127671125e-05
8.949702792521902243e-05
-1.194102237393570079e-04
-6.447661898282088834e-05
8.676784227271041715e-05
7.085434033874641203e-05
7.025594223129485614e-05
-9.633467536778654670e-05
-2.985488611707994271e-04
-1.067667636726970745e-04
5.952146378166356042e-06
-7.566066734415311369e-05
5.952146378163550668e-06
-1.067667636726869778e-04
-2.985488611708475657e-04
-9.633467536775044276e-05
7.025594223128607410e-05
7.085434033873573264e-05
8.676784227270109302e-05
-6.447661898282449331e-05
-1.194102237393705605e-04
8.949702792520281361e-05
-1.094080559127266582e-05
-7.582926916456214823e-05
-1.094080559125800876e-05
1.511680423368604986e-04
4.991228440579323355e-05
-8.168572830521048014e-05
1.048621402735105262e-04
2.169398190997810349e-04
-1.255314265548169007e-04
-2.985488611708023545e-04
5.385683815612915797e-05
2.515020586271654243e-04
2.919569732172204706e-04
5.657518151715905733e-04
5.657518151716278698e-04
2.919569732172215548e-04
2.515020586271887347e-04
5.385683815616027457e-05
-2.985488611708026797e-04
-1.255314265548057606e-04
2.169398190997840164e-04
1.048621402735096589e-04
-8.168572830522826105e-05
4.991228440580662345e-05
1.511680423368543728e-04
-1.094080559126868815e-05
-3.851194409924776527e-05
8.949702792520296268e-05
4.991228440583242746e-05
-1.805304936089557194e-04
9.129679195825029614e-05
1.321807289803815641e-04
-2.589970692249543962e-04
-1.067667636726985652e-04
2.515020586271610875e-04
2.618893041477954493e-04
2.222364456323246119e-04
-2.402774030612912694e-04
-6.509229657391522351e-04
-2.402774030612926518e-04
2.222364456323334481e-04
2.618893041477710548e-04
2.515020586271725801e-04
-1.067667636726944453e-04
-2.589970692249638287e-04
1.321807289803478454e-04
9.129679195828203616e-05
-1.805304936089383180e-04
4.991228440579985396e-05
8.949702792522285779e-05
-3.851194409922150048e-05
4.500457029742339909e-06
-1.194102237393788275e-04
-8.168572830520580451e-05
9.129679195827601883e-05
-4.597694353884241615e-05
-1.874936591407684984e-04
5.952146378167223403e-06
2.919569732172205790e-04
2.222364456323290029e-04
-5.412770321985521486e-04
-9.831979526653137139e-04
-4.085090826841066198e-04
-4.085090826840829842e-04
-9.831979526653095939e-04
-5.412770321985040101e-04
2.222364456323302497e-04
2.919569732172371673e-04
5.952146378152315623e-06
-1.874936591407624811e-04
-4.597694353884892136e-05
9.129679195825531057e-05
-8.168572830520299914e-05
-1.194102237393891274e-04
4.500457029739412564e-06
3.480046380100501298e-05
-5.678115601508274034e-06
-6.447661898279286171e-05
1.048621402735111768e-04
1.321807289803683910e-04
-1.874936591407628606e-04
-7.566066734415537696e-05
5.657518151715868870e-04
-2.402774030612968260e-04
-9.831979526653152317e-04
3.940085942215657239e-04
9.007647037371552170e-04
5.908651186106242403e-04
9.007647037371419897e-04
3.940085942215264215e-04
-9.831979526653020045e-04
-2.402774030613054183e-04
5.657518151716003311e-04
-7.566066734416144850e-05
-1.874936591407789068e-04
1.321807289803848167e-04
1.048621402734894927e-04
-6.447661898280154888e-05
-5.678115601512600678e-06
3.480046380102875701e-05
1.340056766952887001e-04
-1.606283795295954759e-04
8.676784227267653584e-05
2.169398190997887869e-04
-2.589970692249648045e-04
5.952146378165298944e-06
5.657518151716285203e-04
-6.509229657391508257e-04
-4.085090826841058609e-04
9.007647037371534823e-04
1.700372397509386860e-03
3.127474245393907330e-03
3.127474245393908631e-03
1.700372397509415483e-03
9.007647037371539159e-04
-4.085090826841062945e-04
-6.509229657391561383e-04
5.657518151715918743e-04
5.952146378162073443e-06
-2.589970692249740744e-04
2.169398190997914974e-04
8.676784227269274466e-05
-1.606283795295875884e-04
1.340056766953040687e-04
3.553430082658091960e-05
-6.861382157336579166e-05
-8.816757276269930046e-05
7.085434033872451114e-05
-1.255314265547922623e-04
-1.067667636726821667e-04
2.919569732172185191e-04
-2.402774030612936005e-04
-4.085090826840819000e-04
5.908651186106203372e-04
3.127474245393909932e-03
-9.829333431175951707e-03
-1.412075119626371271e-02
-9.829333431175965585e-03
3.127474245393903861e-03
5.908651186106207709e-04
-4.085090826841095472e-04
-2.402774030612896431e-04
2.919569732172255664e-04
-1.067667636726945130e-04
-1.255314265548150576e-04
7.085434033873746736e-05
-8.816757276269715916e-05
-6.861382157337262214e-05
3.553430082655668768e-05
6.135945047536591921e-05
-1.715403135872644192e-04
1.008400265797415986e-04
7.025594223128726673e-05
-2.985488611708458310e-04
2.515020586271869999e-04
2.222364456323359418e-04
-9.831979526653080760e-04
9.007647037371487118e-04
3.127474245393904728e-03
-1.412075119626371618e-02
1.459887249964283637e-02
1.459887249964290229e-02
-1.412075119626372832e-02
3.127474245393907330e-03
9.007647037371552170e-04
-9.831979526653134970e-04
2.222364456323419049e-04
2.515020586271571844e-04
-2.985488611707929219e-04
7.025594223127024475e-05
1.008400265797479412e-04
-1.715403135872756949e-04
6.135945047538342908e-05
3.651730915979565367e-05
-1.891433203226352937e-05
4.352791327243312044e-05
1.498946287069499706e-04
-9.633467536775098487e-05
5.385683815616016615e-05
2.618893041477685611e-04
-5.412770321985023838e-04
3.940085942215282647e-04
1.700372397509414615e-03
-9.829333431175965585e-03
1.459887249964290576e-02
-2.063565095159521773e-02
1.459887249964288841e-02
-9.829333431175949973e-03
1.700372397509386860e-03
3.940085942215288610e-04
-5.412770321985151773e-04
2.618893041477846073e-04
5.385683815611246126e-05
-9.633467536771124886e-05
1.498946287069452001e-04
4.352791327243566832e-05
-1.891433203225322945e-05
3.651730915979565367e-05
6.135945047539069323e-05
-1.715403135872676718e-04
1.008400265797434147e-04
7.025594223128284860e-05
-2.985488611707987766e-04
2.515020586271732306e-04
2.222364456323314965e-04
-9.831979526653037392e-04
9.007647037371547833e-04
3.127474245393904295e-03
-1.412075119626372832e-02
1.459887249964289015e-02
1.459887249964289188e-02
-1.412075119626372832e-02
3.127474245393891284e-03
9.007647037371554338e-04
-9.831979526653147981e-04
2.222364456323278102e-04
2.515020586271830968e-04
-2.985488611708031134e-04
7.025594223128217098e-05
1.008400265797555035e-04
-1.715403135872918495e-04
6.135945047540752547e-05
3.553430082655424822e-05
-6.861382157338942727e-05
-8.816757276271450640e-05
7.085434033873725052e-05
-1.255314265548025622e-04
-1.067667636726970609e-04
2.919569732172381431e-04
-2.402774030613056893e-04
-4.085090826841047225e-04
5.908651186106203372e-04
3.127474245393910800e-03
-9.829333431175949973e-03
-1.412075119626372659e-02
-9.829333431175949973e-03
3.127474245393894754e-03
5.908651186106029900e-04
-4.085090826841060777e-04
-2.402774030612888300e-04
2.919569732172250243e-04
-1.067667636726890514e-04
-1.255314265547904733e-04
7.085434033874107233e-05
-8.816757276271900584e-05
-6.861382157337945261e-05
3.553430082657848014e-05
1.340056766952787254e-04
-1.606283795295925757e-04
8.676784227270198748e-05
2.169398190997800049e-04
-2.589970692249653466e-04
5.952146378157411374e-06
5.657518151715944764e-04
-6.509229657391564635e-04
-4.085090826841120950e-04
9.007647037371580359e-04
1.700372397509388595e-03
3.127474245393894320e-03
3.127474245393894320e-03
1.700372397509395533e-03
9.007647037371563012e-04
-4.085090826841006567e-04
-6.509229657391347795e-04
5.657518151716084626e-04
5.952146378161666867e-06
-2.589970692249585161e-04
2.169398190997874859e-04
8.676784227270147249e-05
-1.606283795295907868e-04
1.340056766952839025e-04
3.480046380103439486e-05
-5.678115601512898834e-06
-6.447661898282290767e-05
1.048621402735081410e-04
1.321807289803535374e-04
-1.874936591407675227e-04
-7.566066734416058114e-05
5.657518151715951269e-04
-2.402774030612949015e-04
-9.831979526653111118e-04
3.940085942215273973e-04
9.007647037371541328e-04
5.908651186106029900e-04
9.007647037371556507e-04
3.940085942215273973e-04
-9.831979526653072086e-04
-2.402774030612910526e-04
5.657518151716055353e-04
-7.566066734416318322e-05
-1.874936591407798826e-04
1.321807289803825127e-04
1.048621402734983832e-04
-6.447661898282381569e-05
-5.678115601507623513e-06
3.480046380101065083e-05
4.500457029714692754e-06
-1.194102237393688528e-04
-8.168572830522752922e-05
9.129679195827775356e-05
-4.597694353885022241e-05
-1.874936591407724829e-04
5.952146378158034790e-06
2.919569732172258916e-04
2.222364456323439106e-04
-5.412770321985146352e-04
-9.831979526653106781e-04
-4.085090826841069451e-04
-4.085090826841019577e-04
-9.831979526653098107e-04
-5.412770321985081300e-04
2.222364456323310629e-04
2.919569732172264337e-04
5.952146378154267187e-06
-1.874936591407682816e-04
-4.597694353884436771e-05
9.129679195825682846e-05
-8.168572830520732240e-05
-1.194102237393800201e-04
4.500457029729329483e-06
-3.851194409922356046e-05
8.949702792520111954e-05
4.991228440580366222e-05
-1.805304936089383180e-04
9.129679195825907818e-05
1.321807289803848167e-04
-2.589970692249735865e-04
-1.067667636726899729e-04
2.515020586271542570e-04
2.618893041477850410e-04
2.222364456323283523e-04
-2.402774030612882066e-04
-6.509229657391366226e-04
-2.402774030612898058e-04
2.222364456323298160e-04
2.618893041477957746e-04
2.515020586271807116e-04
-1.067667636726888345e-04
-2.589970692249536914e-04
1.321807289803714810e-04
9.129679195826590865e-05
-1.805304936089397274e-04
4.991228440582044703e-05
8.949702792521890046e-05
-3.851194409924982526e-05
-1.094080559127486810e-05
1.511680423368536681e-04
4.991228440580147349e-05
-8.168572830520982962e-05
1.048621402734907938e-04
2.169398190997936929e-04
-1.255314265548155726e-04
-2.985488611707953072e-04
5.385683815611311178e-05
2.515020586271850484e-04
2.919569732172274095e-04
5.657518151716066195e-04
5.657518151716038005e-04
2.919569732172278432e-04
2.515020586271829884e-04
5.385683815612780272e-05
-2.985488611708108113e-04
-1.255314265548074411e-04
2.169398190997861848e-04
1.048621402734938295e-04
-8.168572830522251478e-05
4.991228440582256122e-05
1.511680423368359956e-04
-1.094080559126269793e-05
-7.582926916456193139e-05
-1.094080559126514417e-05
8.949702792522232925e-05
-1.194102237393902387e-04
-6.447661898280118297e-05
8.676784227269285308e-05
7.085434033873847025e-05
7.025594223127002791e-05
-9.633467536771423041e-05
-2.985488611708067997e-04
-1.067667636726902846e-04
5.952146378162574887e-06
-7.566066734416067600e-05
5.952146378156923483e-06
-1.067667636726907319e-04
-2.985488611708098355e-04
-9.633467536769254637e-05
7.025594223127989415e-05
7.085434033875248356e-05
8.676784227269171467e-05
-6.447661898280885370e-05
-1.194102237393963916e-04
8.949702792521498378e-05
-1.094080559127356706e-05
-7.582926916461366139e-05
-3.851194409923398235e-05
4.500457029738463887e-06
-5.678115601512122952e-06
-1.606283795295860976e-04
-8.816757276269531602e-05
1.008400265797452849e-04
1.498946287069465554e-04
7.025594223128634516e-05
-1.255314265547925875e-04
-2.589970692249559140e-04
-1.874936591407774431e-04
-1.874936591407705584e-04
-2.589970692249525530e-04
-1.255314265548088505e-04
7.025594223127864732e-05
1.498946287069549850e-04
1.008400265797398097e-04
-8.816757276271128090e-05
-1.606283795295916812e-04
-5.678115601512976761e-06
4.500457029735491648e-06
-3.851194409924841580e-05
3.480046380099878560e-05
1.340056766953059118e-04
-6.861382157337102294e-05
-1.715403135872764267e-04
4.352791327243458411e-05
1.008400265797504891e-04
7.085434033874039471e-05
2.169398190997846670e-04
1.321807289803825941e-04
-4.597694353884035617e-05
1.321807289803651926e-04
2.169398190997835014e-04
7.085434033875307987e-05
1.008400265797427370e-04
4.352791327242157369e-05
-1.715403135873014989e-04
-6.861382157335702318e-05
1.340056766952694013e-04
3.480046380100672738e-05
3.553430082655192396e-05
6.135945047538635642e-05
-1.891433203225588574e-05
-1.715403135872896540e-04
-8.816757276271523823e-05
8.676784227270304458e-05
1.048621402734961064e-04
9.129679195825384690e-05
9.129679195826826679e-05
1.048621402734954016e-04
8.676784227269117257e-05
-8.816757276271155195e-05
-1.715403135873041823e-04
-1.891433203225782375e-05
6.135945047538267014e-05
3.553430082657385873e-05
3.651730915979568078e-05
6.135945047540446260e-05
-6.861382157338015734e-05
-1.606283795295908681e-04
-6.447661898282080702e-05
-8.168572830520701069e-05
-1.805304936089397816e-04
-8.168572830522728527e-05
-6.447661898280961264e-05
-1.606283795295879407e-04
-6.861382157335663015e-05
6.135945047538215514e-05
3.651730915979532841e-05
3.553430082658617120e-05
1.340056766952838483e-04
-5.678115601507704828e-06
-1.194102237393826222e-04
4.991228440581971519e-05
4.991228440582224952e-05
-1.194102237393905233e-04
-5.678115601515294243e-06
1.340056766952737923e-04
3.553430082656057725e-05
3.480046380103918568e-05
4.500457029731877358e-06
8.949702792521808730e-05
1.511680423368357788e-04
8.949702792521464496e-05
4.500457029732798930e-06
3.480046380104276355e-05
-3.851194409923661154e-05
-1.094080559126326714e-05
-1.094080559127127330e-05
-3.851194409922190705e-05
-7.582926916456214823e-05
