-1.518537776555453300e-09
-1.518537657030124983e-09
7.348096090166191384e-09
-9.481206278219400003e-09
1.827813750240233593e-09
-9.481206289151198948e-09
7.348095673070542652e-09
-2.135278422964187437e-07
5.551488815952069108e-08
1.781433964547433917e-08
4.157730956525552751e-09
4.157730958414256725e-09
1.781433963689891144e-08
5.551488818543091277e-08
-2.135278363273197015e-07
-7.224796066306291533e-07
1.139449092112061656e-06
-4.941680063039453359e-07
4.931685549277522198e-08
2.403014437451134311e-08
1.053576479792032267e-08
2.403014433496045651e-08
4.931685549360744508e-08
-4.941680062932199930e-07
1.139449092119148569e-06
-7.224796066308794515e-07
-2.135278303522343598e-07
1.139449092115197795e-06
-1.789527609962914962e-06
1.655971384175730606e-06
-7.244667404094287883e-07
9.059657093020415042e-09
7.212565136425538648e-08
7.212565135577769841e-08
9.059657060865052513e-09
-7.244667404116671788e-07
1.655971384191433326e-06
-1.789527609952483328e-06
1.139449092117501513e-06
-2.135278363248155280e-07
7.348095268546222743e-09
5.551488816283859192e-08
-4.941680062985371364e-07
1.655971384174291497e-06
-3.089980857695903606e-06
3.012641733419067270e-06
-1.169186559115233129e-06
-4.275660274044296555e-08
1.525264644180716808e-07
-4.275660273389953677e-08
-1.169186559097814955e-06
3.012641733400561294e-06
-3.089980857687357467e-06
1.655971384185197258e-06
-4.941680062941585055e-07
5.551488816863874929e-08
7.348095684557359109e-09
-1.518537522412574750e-09
-9.481206276295210807e-09
1.781433964567808368e-08
4.931685549702667224e-08
-7.244667404107792765e-07
3.012641733418467571e-06
-6.195098808047585573e-06
6.028898758926673462e-06
-1.885174566862588527e-06
-2.488865298355316784e-07
-2.488865298364047046e-07
-1.885174566870677057e-06
6.028898758942267338e-06
-6.195098808069285711e-06
3.012641733413656424e-06
-7.244667404053626067e-07
4.931685550061484939e-08
1.781433963070241213e-08
-9.481206278924075167e-09
-1.518537649349704812e-09
-1.518537529445319326e-09
1.827813751077978129e-09
4.157730950952056933e-09
2.403014437208411395e-08
9.059657093937288502e-09
-1.169186559116946889e-06
6.028898758927275702e-06
-1.337010410310983589e-05
1.271226904128299377e-05
-3.186395369421346092e-06
-1.738114559838406034e-06
-3.186395369406194790e-06
1.271226904125678488e-05
-1.337010410310331543e-05
6.028898758947823874e-06
-1.169186559108022126e-06
9.059657065961021099e-09
2.403014435636350671e-08
4.157730968368204936e-09
1.827813755885081184e-09
-1.518537784295919339e-09
-9.481206288233840760e-09
4.157730959413996312e-09
1.053576479455019198e-08
7.212565136123272294e-08
-4.275660274151814152e-08
-1.885174566861947535e-06
1.271226904128757622e-05
-3.130369732192036879e-05
2.734558815848426398e-05
-6.169912894208657646e-06
-6.169912894203258658e-06
2.734558815849706095e-05
-3.130369732185752572e-05
1.271226904126765909e-05
-1.885174566872924870e-06
-4.275660273179352169e-08
7.212565136678033876e-08
1.053576479979741882e-08
4.157730955480510136e-09
-9.481206270421606419e-09
7.348095263643628305e-09
1.781433963767560756e-08
2.403014433639953902e-08
7.212565135847700712e-08
1.525264644174608641e-07
-2.488865298304804503e-07
-3.186395369423242598e-06
2.734558815847980520e-05
-8.215531581734100382e-05
6.157151275015190501e-05
-1.522394494404516213e-06
6.157151275018939130e-05
-8.215531581734656036e-05
2.734558815850378978e-05
-3.186395369412850775e-06
-2.488865298242064243e-07
1.525264644199012984e-07
7.212565135953550714e-08
2.403014434095335689e-08
1.781433964071762382e-08
7.348096085769550238e-09
5.551488818257399637e-08
4.931685549224463524e-08
9.059657063301124232e-09
-4.275660273516542751e-08
-2.488865298325603397e-07
-1.738114559840019208e-06
-6.169912894209067610e-06
6.157151275015732602e-05
-2.527334407867358273e-04
2.106319596226495147e-04
2.106319596226259062e-04
-2.527334407867655344e-04
6.157151275016978080e-05
-6.169912894207434531e-06
-1.738114559822915707e-06
-2.488865298147332608e-07
-4.275660273594019134e-08
9.059657087317199933e-09
4.931685549274513907e-08
5.551488817189326163e-08
-2.135278303534165531e-07
-4.941680062926387166e-07
-7.244667404114488560e-07
-1.169186559098160757e-06
-1.885174566871254945e-06
-3.186395369406468805e-06
-6.169912894203573754e-06
-1.522394494404843380e-06
2.106319596226518458e-04
-9.244337819099589845e-04
1.577413227106786017e-03
-9.244337819099986663e-04
2.106319596226454490e-04
-1.522394494435805610e-06
-6.169912894196080054e-06
-3.186395369436848065e-06
-1.885174566871174265e-06
-1.169186559108244049e-06
-7.244667403934191245e-07
-4.941680062981014438e-07
-2.135278422980315474e-07
1.139449092119386373e-06
1.655971384191918253e-06
3.012641733402186327e-06
6.028898758944738133e-06
1.271226904125474522e-05
2.734558815849587511e-05
6.157151275018624712e-05
2.106319596226232771e-04
1.577413227106784716e-03
-8.476868793596245609e-04
-8.476868793595563646e-04
1.577413227106810303e-03
2.106319596226333872e-04
6.157151275016232691e-05
2.734558815848168561e-05
1.271226904129412209e-05
6.028898758951018882e-06
3.012641733421128948e-06
1.655971384181703247e-06
1.139449092098017002e-06
-7.224796066299515269e-07
-1.789527609949902418e-06
-3.089980857686983078e-06
-6.195098808065158966e-06
-1.337010410309882785e-05
-3.130369732185148807e-05
-8.215531581734712957e-05
-2.527334407867633118e-04
-9.244337819099961726e-04
-8.476868793595604846e-04
-7.952809929837380276e-02
-8.476868793596364872e-04
-9.244337819099168090e-04
-2.527334407867474824e-04
-8.215531581729630759e-05
-3.130369732193891542e-05
-1.337010410306978478e-05
-6.195098808100230365e-06
-3.089980857666722050e-06
-1.789527610022111765e-06
-7.224796066299515269e-07
1.139449092116182471e-06
1.655971384184349166e-06
3.012641733415164989e-06
6.028898758949113905e-06
1.271226904126521625e-05
2.734558815850597174e-05
6.157151275017002474e-05
2.106319596226402990e-04
1.577413227106812905e-03
-8.476868793596313914e-04
-8.476868793596332345e-04
1.577413227106794257e-03
2.106319596226367212e-04
6.157151275015464262e-05
2.734558815849964610e-05
1.271226904126274122e-05
6.028898758937092814e-06
3.012641733419958772e-06
1.655971384174330672e-06
1.139449092114871688e-06
-2.135278422961644485e-07
-4.941680062945506817e-07
-7.244667404075202113e-07
-1.169186559107761452e-06
-1.885174566874202620e-06
-3.186395369413354336e-06
-6.169912894207417590e-06
-1.522394494434239446e-06
2.106319596226427114e-04
-9.244337819099176764e-04
1.577413227106800979e-03
-9.244337819099236395e-04
2.106319596226356641e-04
-1.522394494400194651e-06
-6.169912894205075544e-06
-3.186395369413913377e-06
-1.885174566867973963e-06
-1.169186559098347527e-06
-7.244667404008598854e-07
-4.941680062848704716e-07
-2.135278303518407277e-07
5.551488816520829232e-08
4.931685549867916735e-08
9.059657066711265643e-09
-4.275660273055480218e-08
-2.488865298204028229e-07
-1.738114559823857396e-06
-6.169912894196619614e-06
6.157151275016071415e-05
-2.527334407867537708e-04
2.106319596226352575e-04
2.106319596226294299e-04
-2.527334407867463982e-04
6.157151275015820694e-05
-6.169912894202182079e-06
-1.738114559841716451e-06
-2.488865298277247345e-07
-4.275660274771506765e-08
9.059657078963157165e-09
4.931685549714997509e-08
5.551488814945263909e-08
7.348096097807560151e-09
1.781433963331148868e-08
2.403014435596955698e-08
7.212565136166969930e-08
1.525264644211679832e-07
-2.488865298184597823e-07
-3.186395369435411921e-06
2.734558815847781298e-05
-8.215531581729683614e-05
6.157151275015545577e-05
-1.522394494397706492e-06
6.157151275015415473e-05
-8.215531581729844889e-05
2.734558815849969692e-05
-3.186395369411676787e-06
-2.488865298264897605e-07
1.525264644494849299e-07
7.212565136036702880e-08
2.403014436447428062e-08
1.781433964207718119e-08
7.348095275681636563e-09
-9.481206280937962173e-09
4.157730969109407569e-09
1.053576479984979920e-08
7.212565136323860284e-08
-4.275660273803531410e-08
-1.885174566871687990e-06
1.271226904129592797e-05
-3.130369732194564425e-05
2.734558815849981212e-05
-6.169912894206422326e-06
-6.169912894201484124e-06
2.734558815850391853e-05
-3.130369732192549165e-05
1.271226904126349338e-05
-1.885174566863455042e-06
-4.275660274364494199e-08
7.212565135988457736e-08
1.053576478996943780e-08
4.157730955083638804e-09
-9.481206268015419080e-09
-1.518537776047707713e-09
1.827813754019661516e-09
4.157730954468001361e-09
2.403014434148283189e-08
9.059657085888874082e-09
-1.169186559108528228e-06
6.028898758949810166e-06
-1.337010410307379802e-05
1.271226904126429298e-05
-3.186395369413248457e-06
-1.738114559842735220e-06
-3.186395369409540146e-06
1.271226904126054401e-05
-1.337010410309579547e-05
6.028898758934673688e-06
-1.169186559101649050e-06
9.059657078371360722e-09
2.403014435165089994e-08
4.157730949506137777e-09
1.827813775806809514e-09
-1.518537521197108941e-09
-1.518537657030124983e-09
-9.481206270158587799e-09
1.781433963806596733e-08
4.931685549518129847e-08
-7.244667403905993518e-07
3.012641733419158326e-06
-6.195098808103823479e-06
6.028898758934567809e-06
-1.885174566867749711e-06
-2.488865298316784196e-07
-2.488865298313865109e-07
-1.885174566864447129e-06
6.028898758934814295e-06
-6.195098808098893747e-06
3.012641733413153286e-06
-7.244667404069109829e-07
4.931685550531886672e-08
1.781433963417990590e-08
-9.481206282420953082e-09
-1.518537521711069549e-09
7.348095673070542652e-09
5.551488817445666126e-08
-4.941680062972484816e-07
1.655971384184038305e-06
-3.089980857668273391e-06
3.012641733419219736e-06
-1.169186559097567198e-06
-4.275660274553696213e-08
1.525264644505063722e-07
-4.275660274291054457e-08
-1.169186559100184107e-06
3.012641733412455331e-06
-3.089980857675737445e-06
1.655971384174027435e-06
-4.941680062919408673e-07
5.551488817031107026e-08
7.348095268040267796e-09
-2.135278363281936277e-07
1.139449092097113006e-06
-1.789527610021458279e-06
1.655971384176354022e-06
-7.244667404021371052e-07
9.059657078137424118e-09
7.212565135800031286e-08
7.212565136247356003e-08
9.059657077375238395e-09
-7.244667404048133058e-07
1.655971384175887307e-06
-1.789527610025625893e-06
1.139449092118607103e-06
-2.135278303520950228e-07
-7.224796066308794515e-07
1.139449092113866895e-06
-4.941680062827581831e-07
4.931685549850644542e-08
2.403014436447176930e-08
1.053576479435180926e-08
2.403014435360222562e-08
4.931685550148357432e-08
-4.941680062977441018e-07
1.139449092114398196e-06
-7.224796066306291533e-07
-2.135278363239416017e-07
5.551488815309417931e-08
1.781433964030932086e-08
4.157730954680860575e-09
4.157730954845039383e-09
1.781433963386627541e-08
5.551488816792230500e-08
-2.135278422965580806e-07
7.348095684557359109e-09
-9.481206269293748962e-09
1.827813777866377570e-09
-9.481206284246075818e-09
7.348096090672146331e-09
-1.518537649349704812e-09
-1.518537777256958915e-09
